# MOSFIRE_J
# energy
# MOSFIRE_J-band filter https://www2.keck.hawaii.edu/inst/mosfire/filters.html
9998.000000 0.000000
10000.500000 0.000000
10003.000000 0.000039
10005.500000 0.000000
10008.000000 0.000000
10010.500000 0.000000
10013.000000 0.000676
10015.500000 0.000104
10018.000000 0.000000
10020.500000 0.000000
10023.000000 0.000395
10025.500000 0.000686
10028.000000 0.000479
10030.500000 0.000712
10033.000000 0.001034
10035.500000 0.000552
10038.000000 0.000087
10040.500000 0.000967
10043.000000 0.001480
10045.500000 0.000486
10048.000000 0.000000
10050.500000 0.000087
10053.000000 0.000000
10055.500000 0.000000
10058.000000 0.000117
10060.500000 0.001158
10063.000000 0.000642
10065.500000 0.000000
10068.000000 0.000000
10070.500000 0.000046
10073.000000 0.000000
10075.500000 0.000000
10078.000000 0.001180
10080.500000 0.001095
10083.000000 0.000000
10085.500000 0.000000
10088.000000 0.000000
10090.500000 0.000000
10093.000000 0.000209
10095.500000 0.000649
10098.000000 0.001207
10100.500000 0.000454
10103.000000 0.000000
10105.500000 0.000000
10108.000000 0.000594
10110.500000 0.000000
10113.000000 0.000000
10115.500000 0.000000
10118.000000 0.000000
10120.500000 0.000000
10123.000000 0.000045
10125.500000 0.000544
10128.000000 0.000569
10130.500000 0.000159
10133.000000 0.000196
10135.500000 0.000443
10138.000000 0.000000
10140.500000 0.000000
10143.000000 0.000000
10145.500000 0.000910
10148.000000 0.000075
10150.500000 0.000000
10153.000000 0.000044
10155.500000 0.000000
10158.000000 0.000000
10160.500000 0.000000
10163.000000 0.000542
10165.500000 0.000562
10168.000000 0.000000
10170.500000 0.000000
10173.000000 0.000000
10175.500000 0.000000
10178.000000 0.000000
10180.500000 0.000483
10183.000000 0.000800
10185.500000 0.000000
10188.000000 0.000000
10190.500000 0.000000
10193.000000 0.000080
10195.500000 0.000217
10198.000000 0.000439
10200.500000 0.000983
10203.000000 0.000489
10205.500000 0.000000
10208.000000 0.000000
10210.500000 0.000772
10213.000000 0.000102
10215.500000 0.000000
10218.000000 0.000359
10220.500000 0.000000
10223.000000 0.000000
10225.500000 0.000000
10228.000000 0.000050
10230.500000 0.000396
10233.000000 0.000631
10235.500000 0.000718
10238.000000 0.000725
10240.500000 0.000000
10243.000000 0.000000
10245.500000 0.000000
10248.000000 0.000496
10250.500000 0.000000
10253.000000 0.000000
10255.500000 0.000777
10258.000000 0.000694
10260.500000 0.000000
10263.000000 0.000000
10265.500000 0.000881
10268.000000 0.001301
10270.500000 0.000552
10273.000000 0.000000
10275.500000 0.000000
10278.000000 0.000303
10280.500000 0.000000
10283.000000 0.000000
10285.500000 0.000322
10288.000000 0.000000
10290.500000 0.000000
10293.000000 0.000000
10295.500000 0.000000
10298.000000 0.000000
10300.500000 0.000526
10303.000000 0.001068
10305.500000 0.000179
10308.000000 0.000000
10310.500000 0.000000
10313.000000 0.000000
10315.500000 0.000000
10318.000000 0.000000
10320.500000 0.000851
10323.000000 0.000637
10325.500000 0.000000
10328.000000 0.000000
10330.500000 0.000510
10333.000000 0.000460
10335.500000 0.000000
10338.000000 0.000631
10340.500000 0.000707
10343.000000 0.000000
10345.500000 0.000000
10348.000000 0.000000
10350.500000 0.000539
10353.000000 0.000436
10355.500000 0.000000
10358.000000 0.000000
10360.500000 0.000006
10363.000000 0.000000
10365.500000 0.000000
10368.000000 0.000857
10370.500000 0.000571
10373.000000 0.000000
10375.500000 0.000000
10378.000000 0.000000
10380.500000 0.000000
10383.000000 0.000000
10385.500000 0.000601
10388.000000 0.000861
10390.500000 0.000283
10393.000000 0.000000
10395.500000 0.000025
10398.000000 0.000388
10400.500000 0.000208
10403.000000 0.001008
10405.500000 0.001291
10408.000000 0.000000
10410.500000 0.000000
10413.000000 0.000000
10415.500000 0.000000
10418.000000 0.000000
10420.500000 0.000287
10423.000000 0.000521
10425.500000 0.000000
10428.000000 0.000000
10430.500000 0.000000
10433.000000 0.000000
10435.500000 0.000000
10438.000000 0.000096
10440.500000 0.000808
10443.000000 0.000305
10445.500000 0.000000
10448.000000 0.000000
10450.500000 0.000381
10453.000000 0.000878
10455.500000 0.000575
10458.000000 0.000317
10460.500000 0.000423
10463.000000 0.000114
10465.500000 0.000000
10468.000000 0.000353
10470.500000 0.001283
10473.000000 0.000424
10475.500000 0.000000
10478.000000 0.000000
10480.500000 0.000000
10483.000000 0.000000
10485.500000 0.000005
10488.000000 0.000730
10490.500000 0.000327
10493.000000 0.000000
10495.500000 0.000055
10498.000000 0.000278
10500.500000 0.000013
10503.000000 0.000218
10505.500000 0.000876
10508.000000 0.000113
10510.500000 0.000000
10513.000000 0.000000
10515.500000 0.000000
10518.000000 0.000000
10520.500000 0.000000
10523.000000 0.000000
10525.500000 0.000000
10528.000000 0.000000
10530.500000 0.000000
10533.000000 0.000403
10535.500000 0.001003
10538.000000 0.000514
10540.500000 0.000306
10543.000000 0.000313
10545.500000 0.000000
10548.000000 0.000000
10550.500000 0.000604
10553.000000 0.000796
10555.500000 0.000393
10558.000000 0.000326
10560.500000 0.000563
10563.000000 0.000447
10565.500000 0.000054
10568.000000 0.000315
10570.500000 0.000881
10573.000000 0.000394
10575.500000 0.000000
10578.000000 0.000000
10580.500000 0.000000
10583.000000 0.000000
10585.500000 0.000099
10588.000000 0.000859
10590.500000 0.000219
10593.000000 0.000000
10595.500000 0.000000
10598.000000 0.000000
10600.500000 0.000066
10603.000000 0.000238
10605.500000 0.000879
10608.000000 0.000695
10610.500000 0.000000
10613.000000 0.000000
10615.500000 0.000000
10618.000000 0.000000
10620.500000 0.000000
10623.000000 0.000334
10625.500000 0.000481
10628.000000 0.000000
10630.500000 0.000000
10633.000000 0.000422
10635.500000 0.000596
10638.000000 0.000294
10640.500000 0.000053
10643.000000 0.000341
10645.500000 0.000270
10648.000000 0.000000
10650.500000 0.000000
10653.000000 0.000314
10655.500000 0.000000
10658.000000 0.000000
10660.500000 0.000000
10663.000000 0.000000
10665.500000 0.000000
10668.000000 0.000000
10670.500000 0.000550
10673.000000 0.000762
10675.500000 0.000324
10678.000000 0.000006
10680.500000 0.000184
10683.000000 0.000265
10685.500000 0.000427
10688.000000 0.001076
10690.500000 0.001176
10693.000000 0.000607
10695.500000 0.000545
10698.000000 0.000376
10700.500000 0.000000
10703.000000 0.000000
10705.500000 0.000761
10708.000000 0.000791
10710.500000 0.000029
10713.000000 0.000000
10715.500000 0.000000
10718.000000 0.000000
10720.500000 0.000176
10723.000000 0.001089
10725.500000 0.001112
10728.000000 0.000000
10730.500000 0.000000
10733.000000 0.000000
10735.500000 0.000211
10738.000000 0.000000
10740.500000 0.000000
10743.000000 0.000000
10745.500000 0.000000
10748.000000 0.000000
10750.500000 0.000631
10753.000000 0.000813
10755.500000 0.000006
10758.000000 0.000000
10760.500000 0.000376
10763.000000 0.000070
10765.500000 0.000000
10768.000000 0.000803
10770.500000 0.001290
10773.000000 0.000653
10775.500000 0.000059
10778.000000 0.000017
10780.500000 0.000000
10783.000000 0.000000
10785.500000 0.000017
10788.000000 0.000598
10790.500000 0.000237
10793.000000 0.000000
10795.500000 0.000000
10798.000000 0.000000
10800.500000 0.000000
10803.000000 0.000105
10805.500000 0.000984
10808.000000 0.000636
10810.500000 0.000000
10813.000000 0.000052
10815.500000 0.000856
10818.000000 0.000729
10820.500000 0.000219
10823.000000 0.000162
10825.500000 0.000140
10828.000000 0.000000
10830.500000 0.000000
10833.000000 0.000075
10835.500000 0.000201
10838.000000 0.000477
10840.500000 0.000610
10843.000000 0.000109
10845.500000 0.000000
10848.000000 0.000000
10850.500000 0.000441
10853.000000 0.000645
10855.500000 0.000220
10858.000000 0.000093
10860.500000 0.000382
10863.000000 0.000000
10865.500000 0.000000
10868.000000 0.000000
10870.500000 0.000424
10873.000000 0.000120
10875.500000 0.000309
10878.000000 0.000574
10880.500000 0.000000
10883.000000 0.000000
10885.500000 0.000098
10888.000000 0.000816
10890.500000 0.000399
10893.000000 0.000000
10895.500000 0.000172
10898.000000 0.000086
10900.500000 0.000000
10903.000000 0.000466
10905.500000 0.000624
10908.000000 0.000149
10910.500000 0.000000
10913.000000 0.000132
10915.500000 0.000438
10918.000000 0.000000
10920.500000 0.000000
10923.000000 0.000207
10925.500000 0.000012
10928.000000 0.000000
10930.500000 0.000000
10933.000000 0.000354
10935.500000 0.000109
10938.000000 0.000000
10940.500000 0.000000
10943.000000 0.000000
10945.500000 0.000000
10948.000000 0.000000
10950.500000 0.000343
10953.000000 0.000250
10955.500000 0.000000
10958.000000 0.000284
10960.500000 0.000476
10963.000000 0.000000
10965.500000 0.000000
10968.000000 0.000000
10970.500000 0.000000
10973.000000 0.000000
10975.500000 0.000000
10978.000000 0.000011
10980.500000 0.000000
10983.000000 0.000000
10985.500000 0.000259
10988.000000 0.000586
10990.500000 0.000120
10993.000000 0.000000
10995.500000 0.000000
10998.000000 0.000000
11000.500000 0.000000
11003.000000 0.000000
11005.500000 0.000058
11008.000000 0.000000
11010.500000 0.000000
11013.000000 0.000000
11015.500000 0.000000
11018.000000 0.000000
11020.500000 0.000573
11023.000000 0.000489
11025.500000 0.000000
11028.000000 0.000000
11030.500000 0.000415
11033.000000 0.000406
11035.500000 0.000178
11038.000000 0.000596
11040.500000 0.000691
11043.000000 0.000000
11045.500000 0.000000
11048.000000 0.000227
11050.500000 0.000684
11053.000000 0.000620
11055.500000 0.000492
11058.000000 0.000638
11060.500000 0.000097
11063.000000 0.000000
11065.500000 0.000159
11068.000000 0.001614
11070.500000 0.001276
11073.000000 0.000349
11075.500000 0.000320
11078.000000 0.000200
11080.500000 0.000017
11083.000000 0.000526
11085.500000 0.000690
11088.000000 0.000000
11090.500000 0.000000
11093.000000 0.000000
11095.500000 0.000593
11098.000000 0.000667
11100.500000 0.000891
11103.000000 0.000932
11105.500000 0.000138
11108.000000 0.000000
11110.500000 0.000395
11113.000000 0.000460
11115.500000 0.000252
11118.000000 0.000359
11120.500000 0.000430
11123.000000 0.000120
11125.500000 0.000000
11128.000000 0.000208
11130.500000 0.000446
11133.000000 0.000000
11135.500000 0.000000
11138.000000 0.000000
11140.500000 0.000000
11143.000000 0.000335
11145.500000 0.001086
11148.000000 0.001129
11150.500000 0.000088
11153.000000 0.000000
11155.500000 0.000000
11158.000000 0.000507
11160.500000 0.000668
11163.000000 0.000947
11165.500000 0.000776
11168.000000 0.000024
11170.500000 0.000028
11173.000000 0.000947
11175.500000 0.001185
11178.000000 0.000284
11180.500000 0.000000
11183.000000 0.000424
11185.500000 0.000175
11188.000000 0.000291
11190.500000 0.001554
11193.000000 0.002085
11195.500000 0.001462
11198.000000 0.000827
11200.500000 0.000776
11203.000000 0.000939
11205.500000 0.000858
11208.000000 0.001233
11210.500000 0.001932
11213.000000 0.001693
11215.500000 0.001445
11218.000000 0.002315
11220.500000 0.002919
11223.000000 0.002650
11225.500000 0.002222
11228.000000 0.001740
11230.500000 0.001159
11233.000000 0.000979
11235.500000 0.001793
11238.000000 0.002493
11240.500000 0.002281
11243.000000 0.002466
11245.500000 0.002734
11248.000000 0.002001
11250.500000 0.001618
11253.000000 0.002444
11255.500000 0.003050
11258.000000 0.002532
11260.500000 0.002364
11263.000000 0.002999
11265.500000 0.002978
11268.000000 0.002954
11270.500000 0.003932
11273.000000 0.004218
11275.500000 0.003451
11278.000000 0.003615
11280.500000 0.004131
11283.000000 0.004190
11285.500000 0.004516
11288.000000 0.005000
11290.500000 0.004863
11293.000000 0.003831
11295.500000 0.003661
11298.000000 0.004592
11300.500000 0.004954
11303.000000 0.005152
11305.500000 0.005648
11308.000000 0.005539
11310.500000 0.005071
11313.000000 0.005493
11315.500000 0.006425
11318.000000 0.006548
11320.500000 0.006273
11323.000000 0.006579
11325.500000 0.006714
11328.000000 0.006757
11330.500000 0.007707
11333.000000 0.008584
11335.500000 0.008762
11338.000000 0.009015
11340.500000 0.009236
11343.000000 0.009114
11345.500000 0.009501
11348.000000 0.011077
11350.500000 0.012463
11353.000000 0.012317
11355.500000 0.012106
11358.000000 0.012768
11360.500000 0.013093
11363.000000 0.013503
11365.500000 0.014626
11368.000000 0.015361
11370.500000 0.015823
11373.000000 0.016842
11375.500000 0.018281
11378.000000 0.019404
11380.500000 0.020034
11383.000000 0.021147
11385.500000 0.022071
11388.000000 0.022512
11390.500000 0.024055
11393.000000 0.026155
11395.500000 0.027751
11398.000000 0.029158
11400.500000 0.030702
11403.000000 0.032455
11405.500000 0.034293
11408.000000 0.036855
11410.500000 0.039816
11413.000000 0.041717
11415.500000 0.043774
11418.000000 0.046998
11420.500000 0.049959
11423.000000 0.052878
11425.500000 0.056311
11428.000000 0.059671
11430.500000 0.063168
11433.000000 0.067336
11435.500000 0.072062
11438.000000 0.076534
11440.500000 0.081081
11443.000000 0.087024
11445.500000 0.093198
11448.000000 0.098458
11450.500000 0.104527
11453.000000 0.111720
11455.500000 0.118440
11458.000000 0.125685
11460.500000 0.134295
11463.000000 0.143325
11465.500000 0.151725
11468.000000 0.160860
11470.500000 0.171255
11473.000000 0.181335
11475.500000 0.191205
11478.000000 0.202545
11480.500000 0.213990
11483.000000 0.224805
11485.500000 0.236670
11488.000000 0.249165
11490.500000 0.261135
11493.000000 0.273735
11495.500000 0.287385
11498.000000 0.300825
11500.500000 0.313740
11503.000000 0.328020
11505.500000 0.343350
11508.000000 0.357315
11510.500000 0.370440
11513.000000 0.384615
11515.500000 0.400155
11518.000000 0.416115
11520.500000 0.432810
11523.000000 0.449925
11525.500000 0.465045
11528.000000 0.478380
11530.500000 0.491925
11533.000000 0.506520
11535.500000 0.521325
11538.000000 0.537600
11540.500000 0.554715
11543.000000 0.570150
11545.500000 0.584430
11548.000000 0.598185
11550.500000 0.611520
11553.000000 0.624645
11555.500000 0.637560
11558.000000 0.651105
11560.500000 0.665595
11563.000000 0.679035
11565.500000 0.689850
11568.000000 0.699720
11570.500000 0.710010
11573.000000 0.722085
11575.500000 0.734265
11578.000000 0.744030
11580.500000 0.752325
11583.000000 0.762720
11585.500000 0.776265
11588.000000 0.789180
11590.500000 0.801990
11593.000000 0.816060
11595.500000 0.828345
11598.000000 0.838740
11600.500000 0.848400
11603.000000 0.856905
11605.500000 0.864570
11608.000000 0.870765
11610.500000 0.875805
11613.000000 0.880215
11615.500000 0.883680
11618.000000 0.886935
11620.500000 0.889455
11623.000000 0.891450
11625.500000 0.893655
11628.000000 0.896385
11630.500000 0.899010
11633.000000 0.901005
11635.500000 0.903525
11638.000000 0.907200
11640.500000 0.911925
11643.000000 0.916965
11645.500000 0.920010
11648.000000 0.921585
11650.500000 0.923790
11653.000000 0.927990
11655.500000 0.933555
11658.000000 0.938490
11660.500000 0.942900
11663.000000 0.946155
11665.500000 0.945945
11668.000000 0.943425
11670.500000 0.942270
11673.000000 0.942165
11675.500000 0.941850
11678.000000 0.942165
11680.500000 0.942585
11683.000000 0.943635
11685.500000 0.946365
11688.000000 0.949305
11690.500000 0.951405
11693.000000 0.954135
11695.500000 0.958650
11698.000000 0.960645
11700.500000 0.959175
11703.000000 0.957705
11705.500000 0.956760
11708.000000 0.957075
11710.500000 0.958335
11713.000000 0.959070
11715.500000 0.959595
11718.000000 0.961170
11720.500000 0.964215
11723.000000 0.965580
11725.500000 0.963690
11728.000000 0.961800
11730.500000 0.960855
11733.000000 0.958965
11735.500000 0.956025
11738.000000 0.955185
11740.500000 0.955395
11743.000000 0.954450
11745.500000 0.955500
11748.000000 0.958440
11750.500000 0.960645
11753.000000 0.963900
11755.500000 0.966735
11758.000000 0.966210
11760.500000 0.964740
11763.000000 0.965055
11765.500000 0.966630
11768.000000 0.967365
11770.500000 0.968205
11773.000000 0.970725
11775.500000 0.971460
11778.000000 0.968730
11780.500000 0.966735
11783.000000 0.968310
11785.500000 0.971145
11788.000000 0.973140
11790.500000 0.974925
11793.000000 0.976500
11795.500000 0.976710
11798.000000 0.976395
11800.500000 0.974820
11803.000000 0.971040
11805.500000 0.968415
11808.000000 0.968625
11810.500000 0.968205
11813.000000 0.966105
11815.500000 0.965055
11818.000000 0.965790
11820.500000 0.966000
11823.000000 0.965790
11825.500000 0.965055
11828.000000 0.962430
11830.500000 0.959910
11833.000000 0.959385
11835.500000 0.959595
11838.000000 0.958230
11840.500000 0.956550
11843.000000 0.957180
11845.500000 0.958755
11848.000000 0.960015
11850.500000 0.960960
11853.000000 0.961380
11855.500000 0.961695
11858.000000 0.962850
11860.500000 0.964740
11863.000000 0.964845
11865.500000 0.963270
11868.000000 0.961275
11870.500000 0.958860
11873.000000 0.958020
11875.500000 0.957915
11878.000000 0.957810
11880.500000 0.959280
11883.000000 0.961170
11885.500000 0.962010
11888.000000 0.961485
11890.500000 0.960330
11893.000000 0.960750
11895.500000 0.962955
11898.000000 0.965265
11900.500000 0.966840
11903.000000 0.967995
11905.500000 0.968310
11908.000000 0.968205
11910.500000 0.969150
11913.000000 0.970410
11915.500000 0.970620
11918.000000 0.969150
11920.500000 0.966315
11923.000000 0.964530
11925.500000 0.966315
11928.000000 0.969150
11930.500000 0.971355
11933.000000 0.972615
11935.500000 0.970305
11938.000000 0.965580
11940.500000 0.961065
11943.000000 0.956445
11945.500000 0.952245
11948.000000 0.948990
11950.500000 0.947835
11953.000000 0.947415
11955.500000 0.945945
11958.000000 0.945210
11960.500000 0.946680
11963.000000 0.948885
11965.500000 0.949725
11968.000000 0.949725
11970.500000 0.948465
11973.000000 0.944895
11975.500000 0.942375
11978.000000 0.941220
11980.500000 0.939435
11983.000000 0.937335
11985.500000 0.935970
11988.000000 0.935550
11990.500000 0.935025
11993.000000 0.934920
11995.500000 0.933765
11998.000000 0.930930
12000.500000 0.930300
12003.000000 0.932190
12005.500000 0.932610
12008.000000 0.931245
12010.500000 0.930510
12013.000000 0.929460
12015.500000 0.925575
12018.000000 0.921795
12020.500000 0.920220
12023.000000 0.919170
12025.500000 0.919170
12028.000000 0.921375
12030.500000 0.923055
12033.000000 0.922950
12035.500000 0.922320
12038.000000 0.921270
12040.500000 0.919380
12043.000000 0.916125
12045.500000 0.913500
12048.000000 0.912345
12050.500000 0.911190
12053.000000 0.910140
12055.500000 0.910560
12058.000000 0.912870
12060.500000 0.915495
12063.000000 0.918855
12065.500000 0.922110
12068.000000 0.923790
12070.500000 0.926310
12073.000000 0.928725
12075.500000 0.928620
12078.000000 0.927360
12080.500000 0.925995
12083.000000 0.925470
12085.500000 0.925260
12088.000000 0.924630
12090.500000 0.922005
12093.000000 0.918225
12095.500000 0.916860
12098.000000 0.918330
12100.500000 0.921585
12103.000000 0.925365
12105.500000 0.928620
12108.000000 0.930090
12110.500000 0.929250
12113.000000 0.926730
12115.500000 0.924210
12118.000000 0.924945
12120.500000 0.927360
12123.000000 0.928935
12125.500000 0.930405
12128.000000 0.930090
12130.500000 0.927570
12133.000000 0.925995
12135.500000 0.926835
12138.000000 0.929040
12140.500000 0.932085
12143.000000 0.936495
12145.500000 0.941115
12148.000000 0.943740
12150.500000 0.944790
12153.000000 0.945945
12155.500000 0.946260
12158.000000 0.947520
12160.500000 0.949725
12163.000000 0.948360
12165.500000 0.943530
12168.000000 0.940380
12170.500000 0.941220
12173.000000 0.943845
12175.500000 0.947835
12178.000000 0.953400
12180.500000 0.956865
12183.000000 0.956865
12185.500000 0.955395
12188.000000 0.953820
12190.500000 0.952770
12193.000000 0.953505
12195.500000 0.955500
12198.000000 0.955920
12200.500000 0.956760
12203.000000 0.960120
12205.500000 0.963375
12208.000000 0.964635
12210.500000 0.965580
12213.000000 0.969150
12215.500000 0.973350
12218.000000 0.976290
12220.500000 0.978390
12223.000000 0.978705
12225.500000 0.978495
12228.000000 0.979755
12230.500000 0.982485
12233.000000 0.985320
12235.500000 0.986475
12238.000000 0.984270
12240.500000 0.979650
12243.000000 0.975030
12245.500000 0.972720
12248.000000 0.973560
12250.500000 0.976290
12253.000000 0.977655
12255.500000 0.975975
12258.000000 0.973560
12260.500000 0.971775
12263.000000 0.970725
12265.500000 0.970620
12268.000000 0.971145
12270.500000 0.970305
12273.000000 0.968205
12275.500000 0.967680
12278.000000 0.967470
12280.500000 0.967155
12283.000000 0.969045
12285.500000 0.970515
12288.000000 0.969465
12290.500000 0.968100
12293.000000 0.967575
12295.500000 0.966945
12298.000000 0.965580
12300.500000 0.965895
12303.000000 0.965895
12305.500000 0.964215
12308.000000 0.964110
12310.500000 0.965160
12313.000000 0.966525
12315.500000 0.968100
12318.000000 0.969255
12320.500000 0.967995
12323.000000 0.964845
12325.500000 0.964320
12328.000000 0.965790
12330.500000 0.967785
12333.000000 0.970515
12335.500000 0.973035
12338.000000 0.973350
12340.500000 0.972090
12343.000000 0.970620
12345.500000 0.968415
12348.000000 0.966840
12350.500000 0.966735
12353.000000 0.967575
12355.500000 0.969150
12358.000000 0.970095
12360.500000 0.969780
12363.000000 0.968310
12365.500000 0.965790
12368.000000 0.963690
12370.500000 0.963690
12373.000000 0.965895
12375.500000 0.968310
12378.000000 0.969570
12380.500000 0.971670
12383.000000 0.972720
12385.500000 0.970200
12388.000000 0.967680
12390.500000 0.966630
12393.000000 0.965370
12395.500000 0.964740
12398.000000 0.965685
12400.500000 0.966420
12403.000000 0.965370
12405.500000 0.965370
12408.000000 0.965580
12410.500000 0.962955
12413.000000 0.960435
12415.500000 0.961695
12418.000000 0.964320
12420.500000 0.966105
12423.000000 0.968205
12425.500000 0.968310
12428.000000 0.966105
12430.500000 0.965055
12433.000000 0.965055
12435.500000 0.964530
12438.000000 0.962745
12440.500000 0.961065
12443.000000 0.960435
12445.500000 0.961275
12448.000000 0.962430
12450.500000 0.960645
12453.000000 0.956760
12455.500000 0.955185
12458.000000 0.956340
12460.500000 0.956970
12463.000000 0.956550
12465.500000 0.956340
12468.000000 0.954240
12470.500000 0.951615
12473.000000 0.951090
12475.500000 0.949725
12478.000000 0.945945
12480.500000 0.943110
12483.000000 0.941430
12485.500000 0.937860
12488.000000 0.933450
12490.500000 0.931350
12493.000000 0.930615
12495.500000 0.930615
12498.000000 0.930720
12500.500000 0.928200
12503.000000 0.924315
12505.500000 0.921480
12508.000000 0.918855
12510.500000 0.915810
12513.000000 0.913815
12515.500000 0.912765
12518.000000 0.911505
12520.500000 0.911610
12523.000000 0.913185
12525.500000 0.912765
12528.000000 0.910560
12530.500000 0.907725
12533.000000 0.903945
12535.500000 0.899640
12538.000000 0.895335
12540.500000 0.892290
12543.000000 0.889980
12545.500000 0.887145
12548.000000 0.884310
12550.500000 0.883680
12553.000000 0.883890
12555.500000 0.885675
12558.000000 0.889350
12560.500000 0.891765
12563.000000 0.890715
12565.500000 0.885885
12568.000000 0.881475
12570.500000 0.880845
12573.000000 0.882420
12575.500000 0.886200
12578.000000 0.890085
12580.500000 0.892290
12583.000000 0.894495
12585.500000 0.895755
12588.000000 0.895335
12590.500000 0.894390
12593.000000 0.893760
12595.500000 0.892815
12598.000000 0.891450
12600.500000 0.891660
12603.000000 0.891555
12605.500000 0.888930
12608.000000 0.886830
12610.500000 0.885885
12613.000000 0.884835
12615.500000 0.884835
12618.000000 0.887145
12620.500000 0.889035
12623.000000 0.890190
12625.500000 0.892815
12628.000000 0.895755
12630.500000 0.897015
12633.000000 0.898170
12635.500000 0.900375
12638.000000 0.901005
12640.500000 0.900165
12643.000000 0.901320
12645.500000 0.903840
12648.000000 0.906360
12650.500000 0.908250
12653.000000 0.908880
12655.500000 0.908985
12658.000000 0.911295
12660.500000 0.915075
12663.000000 0.916230
12665.500000 0.915915
12668.000000 0.916125
12670.500000 0.915390
12673.000000 0.914445
12675.500000 0.914655
12678.000000 0.915705
12680.500000 0.916755
12683.000000 0.918750
12685.500000 0.921900
12688.000000 0.925050
12690.500000 0.928410
12693.000000 0.931560
12695.500000 0.934920
12698.000000 0.939225
12700.500000 0.943215
12703.000000 0.945840
12705.500000 0.946575
12708.000000 0.946260
12710.500000 0.948360
12713.000000 0.952665
12715.500000 0.956025
12718.000000 0.958335
12720.500000 0.961380
12723.000000 0.964425
12725.500000 0.966525
12728.000000 0.968310
12730.500000 0.970725
12733.000000 0.971880
12735.500000 0.971670
12738.000000 0.973140
12740.500000 0.975660
12743.000000 0.978285
12745.500000 0.980280
12748.000000 0.979440
12750.500000 0.977865
12753.000000 0.977760
12755.500000 0.976605
12758.000000 0.974610
12760.500000 0.974190
12763.000000 0.974295
12765.500000 0.973035
12768.000000 0.972930
12770.500000 0.974610
12773.000000 0.974820
12775.500000 0.973245
12778.000000 0.970935
12780.500000 0.967050
12783.000000 0.961905
12785.500000 0.957810
12788.000000 0.953610
12790.500000 0.949725
12793.000000 0.949200
12795.500000 0.950670
12798.000000 0.952035
12800.500000 0.953190
12803.000000 0.953400
12805.500000 0.950355
12808.000000 0.944895
12810.500000 0.938700
12813.000000 0.932400
12815.500000 0.929040
12818.000000 0.929565
12820.500000 0.930615
12823.000000 0.930930
12825.500000 0.930930
12828.000000 0.929565
12830.500000 0.926940
12833.000000 0.925470
12835.500000 0.925050
12838.000000 0.923265
12840.500000 0.920220
12843.000000 0.917070
12845.500000 0.912870
12848.000000 0.907515
12850.500000 0.903420
12853.000000 0.902685
12855.500000 0.903210
12858.000000 0.902895
12860.500000 0.902475
12863.000000 0.902790
12865.500000 0.902265
12868.000000 0.900270
12870.500000 0.897015
12873.000000 0.894810
12875.500000 0.897015
12878.000000 0.900900
12880.500000 0.902370
12883.000000 0.900375
12885.500000 0.897330
12888.000000 0.896385
12890.500000 0.898065
12893.000000 0.902265
12895.500000 0.905205
12898.000000 0.903105
12900.500000 0.897225
12903.000000 0.891135
12905.500000 0.885885
12908.000000 0.882630
12910.500000 0.883260
12913.000000 0.884625
12915.500000 0.885465
12918.000000 0.887565
12920.500000 0.890085
12923.000000 0.891135
12925.500000 0.891765
12928.000000 0.892395
12930.500000 0.889455
12933.000000 0.883785
12935.500000 0.880005
12938.000000 0.878640
12940.500000 0.879900
12943.000000 0.882000
12945.500000 0.882630
12948.000000 0.883470
12950.500000 0.886515
12953.000000 0.890295
12955.500000 0.892395
12958.000000 0.895650
12960.500000 0.898695
12963.000000 0.897750
12965.500000 0.896595
12968.000000 0.898170
12970.500000 0.901425
12973.000000 0.905940
12975.500000 0.912660
12978.000000 0.918960
12980.500000 0.923055
12983.000000 0.926310
12985.500000 0.928200
12988.000000 0.927570
12990.500000 0.926100
12993.000000 0.925575
12995.500000 0.926625
12998.000000 0.930090
13000.500000 0.932085
13003.000000 0.931350
13005.500000 0.930720
13008.000000 0.929565
13010.500000 0.927990
13013.000000 0.929565
13015.500000 0.934500
13018.000000 0.939435
13020.500000 0.942480
13023.000000 0.944055
13025.500000 0.944055
13028.000000 0.943635
13030.500000 0.943530
13033.000000 0.943950
13035.500000 0.945630
13038.000000 0.947415
13040.500000 0.949515
13043.000000 0.952350
13045.500000 0.954450
13048.000000 0.955185
13050.500000 0.955815
13053.000000 0.957705
13055.500000 0.960330
13058.000000 0.963060
13060.500000 0.965055
13063.000000 0.966000
13065.500000 0.967680
13068.000000 0.970620
13070.500000 0.971565
13073.000000 0.970620
13075.500000 0.970935
13078.000000 0.971355
13080.500000 0.971670
13083.000000 0.972720
13085.500000 0.975240
13088.000000 0.980490
13090.500000 0.987840
13093.000000 0.993510
13095.500000 0.994875
13098.000000 0.995295
13100.500000 0.995610
13103.000000 0.994980
13105.500000 0.995610
13108.000000 0.997080
13110.500000 0.996345
13113.000000 0.995400
13115.500000 0.995610
13118.000000 0.994560
13120.500000 0.993300
13123.000000 0.993195
13125.500000 0.992040
13128.000000 0.990045
13130.500000 0.990045
13133.000000 0.990465
13135.500000 0.988995
13138.000000 0.986685
13140.500000 0.983325
13143.000000 0.979335
13145.500000 0.976605
13148.000000 0.974400
13150.500000 0.971355
13153.000000 0.970095
13155.500000 0.971880
13158.000000 0.972615
13160.500000 0.971670
13163.000000 0.971040
13165.500000 0.969990
13168.000000 0.971040
13170.500000 0.974925
13173.000000 0.978390
13175.500000 0.979650
13178.000000 0.980490
13180.500000 0.980280
13183.000000 0.977970
13185.500000 0.975450
13188.000000 0.972300
13190.500000 0.968625
13193.000000 0.966525
13195.500000 0.966630
13198.000000 0.968415
13200.500000 0.971985
13203.000000 0.974085
13205.500000 0.973140
13208.000000 0.971040
13210.500000 0.967575
13213.000000 0.965055
13215.500000 0.965895
13218.000000 0.968310
13220.500000 0.969360
13223.000000 0.968940
13225.500000 0.968625
13228.000000 0.968310
13230.500000 0.966525
13233.000000 0.964215
13235.500000 0.962850
13238.000000 0.961485
13240.500000 0.960225
13243.000000 0.959490
13245.500000 0.959595
13248.000000 0.960540
13250.500000 0.961695
13253.000000 0.962535
13255.500000 0.961905
13258.000000 0.960855
13260.500000 0.960645
13263.000000 0.959280
13265.500000 0.958335
13268.000000 0.959385
13270.500000 0.961695
13273.000000 0.963795
13275.500000 0.964425
13278.000000 0.964845
13280.500000 0.965160
13283.000000 0.966315
13285.500000 0.969150
13288.000000 0.971145
13290.500000 0.972090
13293.000000 0.973140
13295.500000 0.971355
13298.000000 0.968520
13300.500000 0.968100
13303.000000 0.968205
13305.500000 0.969360
13308.000000 0.971775
13310.500000 0.972300
13313.000000 0.970410
13315.500000 0.969360
13318.000000 0.970305
13320.500000 0.971460
13323.000000 0.972510
13325.500000 0.972195
13328.000000 0.971880
13330.500000 0.975345
13333.000000 0.981120
13335.500000 0.984165
13338.000000 0.985215
13340.500000 0.985950
13343.000000 0.985845
13345.500000 0.985740
13348.000000 0.985005
13350.500000 0.983115
13353.000000 0.982380
13355.500000 0.983955
13358.000000 0.986265
13360.500000 0.989205
13363.000000 0.992355
13365.500000 0.992145
13368.000000 0.989310
13370.500000 0.988155
13373.000000 0.988890
13375.500000 0.989940
13378.000000 0.990675
13380.500000 0.991305
13383.000000 0.991095
13385.500000 0.989625
13388.000000 0.987105
13390.500000 0.984585
13393.000000 0.982170
13395.500000 0.979650
13398.000000 0.975975
13400.500000 0.973770
13403.000000 0.975345
13405.500000 0.977970
13408.000000 0.980385
13410.500000 0.982695
13413.000000 0.983850
13415.500000 0.982695
13418.000000 0.980175
13420.500000 0.976920
13423.000000 0.971565
13425.500000 0.963480
13428.000000 0.956865
13430.500000 0.953505
13433.000000 0.950355
13435.500000 0.947940
13438.000000 0.945000
13440.500000 0.939015
13443.000000 0.933135
13445.500000 0.927255
13448.000000 0.918015
13450.500000 0.908565
13453.000000 0.900900
13455.500000 0.891555
13458.000000 0.881790
13460.500000 0.874020
13463.000000 0.864990
13465.500000 0.854910
13468.000000 0.845145
13470.500000 0.832545
13473.000000 0.818475
13475.500000 0.806295
13478.000000 0.793170
13480.500000 0.778260
13483.000000 0.762930
13485.500000 0.747075
13488.000000 0.730590
13490.500000 0.713580
13493.000000 0.695940
13495.500000 0.677355
13498.000000 0.658980
13500.500000 0.639765
13503.000000 0.619815
13505.500000 0.600390
13508.000000 0.581175
13510.500000 0.561540
13513.000000 0.542010
13515.500000 0.523950
13518.000000 0.506205
13520.500000 0.486675
13523.000000 0.468825
13525.500000 0.453810
13528.000000 0.437955
13530.500000 0.421260
13533.000000 0.404250
13535.500000 0.388185
13538.000000 0.374115
13540.500000 0.361200
13543.000000 0.346815
13545.500000 0.330330
13548.000000 0.315315
13550.500000 0.303660
13553.000000 0.290430
13555.500000 0.274365
13558.000000 0.262815
13560.500000 0.253575
13563.000000 0.244020
13565.500000 0.232050
13568.000000 0.218505
13570.500000 0.208635
13573.000000 0.199605
13575.500000 0.191205
13578.000000 0.184065
13580.500000 0.174930
13583.000000 0.165375
13585.500000 0.158655
13588.000000 0.153300
13590.500000 0.144690
13593.000000 0.136080
13595.500000 0.130515
13598.000000 0.124740
13600.500000 0.119385
13603.000000 0.114765
13605.500000 0.108780
13608.000000 0.103131
13610.500000 0.098920
13613.000000 0.093849
13615.500000 0.088021
13618.000000 0.083632
13620.500000 0.080335
13623.000000 0.076682
13625.500000 0.073258
13628.000000 0.070434
13630.500000 0.067630
13633.000000 0.064596
13635.500000 0.061887
13638.000000 0.060196
13640.500000 0.057466
13643.000000 0.052962
13645.500000 0.050809
13648.000000 0.049298
13650.500000 0.046253
13653.000000 0.044362
13655.500000 0.043554
13658.000000 0.041443
13660.500000 0.038745
13663.000000 0.036792
13665.500000 0.035301
13668.000000 0.033736
13670.500000 0.032938
13673.000000 0.032182
13675.500000 0.029694
13678.000000 0.028014
13680.500000 0.027468
13683.000000 0.026334
13685.500000 0.025557
13688.000000 0.024906
13690.500000 0.023394
13693.000000 0.021945
13695.500000 0.021630
13698.000000 0.021231
13700.500000 0.019855
13703.000000 0.018532
13705.500000 0.017777
13708.000000 0.016905
13710.500000 0.016485
13713.000000 0.016611
13715.500000 0.016096
13718.000000 0.015036
13720.500000 0.014616
13723.000000 0.013702
13725.500000 0.011917
13728.000000 0.011644
13730.500000 0.012568
13733.000000 0.012127
13735.500000 0.010867
13738.000000 0.010441
13740.500000 0.010574
13743.000000 0.010009
13745.500000 0.009996
13748.000000 0.010531
13750.500000 0.008910
13753.000000 0.007474
13755.500000 0.007940
13758.000000 0.007517
13760.500000 0.007597
13763.000000 0.008979
13765.500000 0.008597
13768.000000 0.006661
13770.500000 0.006124
13773.000000 0.006394
13775.500000 0.006053
13778.000000 0.005997
13780.500000 0.006438
13783.000000 0.005506
13785.500000 0.003930
13788.000000 0.004444
13790.500000 0.005879
13793.000000 0.005925
13795.500000 0.005253
13798.000000 0.004539
13800.500000 0.002248
13803.000000 0.000742
13805.500000 0.003248
13808.000000 0.004146
13810.500000 0.003829
13813.000000 0.004699
13815.500000 0.004362
13818.000000 0.002477
13820.500000 0.001846
13823.000000 0.003865
13825.500000 0.004422
13828.000000 0.003746
13830.500000 0.004080
13833.000000 0.003002
13835.500000 0.000727
13838.000000 0.001869
13840.500000 0.003796
13843.000000 0.003359
13845.500000 0.001960
13848.000000 0.001258
13850.500000 0.000727
13853.000000 0.000682
13855.500000 0.002193
13858.000000 0.002554
13860.500000 0.000690
13863.000000 0.000023
13865.500000 0.000354
13868.000000 0.000408
13870.500000 0.001256
13873.000000 0.002251
13875.500000 0.001616
13878.000000 0.001108
13880.500000 0.001451
13883.000000 0.001285
13885.500000 0.001767
13888.000000 0.003048
13890.500000 0.002745
13893.000000 0.000917
13895.500000 0.000639
13898.000000 0.001643
13900.500000 0.001854
13903.000000 0.002255
13905.500000 0.002163
13908.000000 0.000270
13910.500000 0.000000
13913.000000 0.000418
13915.500000 0.001188
13918.000000 0.002004
13920.500000 0.002633
13923.000000 0.001356
13925.500000 0.000000
13928.000000 0.000515
13930.500000 0.002311
13933.000000 0.001914
13935.500000 0.001072
13938.000000 0.001014
13940.500000 0.000175
13943.000000 0.000000
13945.500000 0.001214
13948.000000 0.002224
13950.500000 0.000848
13953.000000 0.000000
13955.500000 0.000000
13958.000000 0.000000
13960.500000 0.000672
13963.000000 0.001589
13965.500000 0.000435
13968.000000 0.000000
13970.500000 0.000619
13973.000000 0.001512
13975.500000 0.001617
13978.000000 0.001750
13980.500000 0.001708
13983.000000 0.000779
13985.500000 0.000921
13988.000000 0.002358
13990.500000 0.002123
13993.000000 0.001003
13995.500000 0.001003
13998.000000 0.000837
14000.500000 0.000693
14003.000000 0.001772
14005.500000 0.001994
14008.000000 0.000528
14010.500000 0.000000
14013.000000 0.000612
14015.500000 0.000643
14018.000000 0.000844
14020.500000 0.001486
14023.000000 0.000801
14025.500000 0.000009
14028.000000 0.000577
14030.500000 0.000841
14033.000000 0.000345
14035.500000 0.000741
14038.000000 0.000818
14040.500000 0.000000
14043.000000 0.000000
14045.500000 0.000754
14048.000000 0.000312
14050.500000 0.000370
14053.000000 0.000193
14055.500000 0.000000
14058.000000 0.000000
14060.500000 0.000521
14063.000000 0.000823
14065.500000 0.000619
14068.000000 0.000915
14070.500000 0.000614
14073.000000 0.000000
14075.500000 0.000000
14078.000000 0.000468
14080.500000 0.000266
14083.000000 0.000593
14085.500000 0.000782
14088.000000 0.000000
14090.500000 0.000416
14093.000000 0.001236
14095.500000 0.000790
14098.000000 0.000262
14100.500000 0.000143
14103.000000 0.000101
14105.500000 0.000631
14108.000000 0.001847
14110.500000 0.001362
14113.000000 0.000000
14115.500000 0.000000
14118.000000 0.000677
14120.500000 0.000951
14123.000000 0.001123
14125.500000 0.000551
14128.000000 0.000000
14130.500000 0.000000
14133.000000 0.000566
14135.500000 0.001435
14138.000000 0.001084
14140.500000 0.001316
14143.000000 0.000943
14145.500000 0.000182
14148.000000 0.000942
14150.500000 0.001392
14153.000000 0.001007
14155.500000 0.001057
14158.000000 0.000518
14160.500000 0.000000
14163.000000 0.000532
14165.500000 0.001258
14168.000000 0.001018
14170.500000 0.000761
14173.000000 0.000900
14175.500000 0.000569
14178.000000 0.000058
14180.500000 0.000443
14183.000000 0.000281
14185.500000 0.000000
14188.000000 0.000253
14190.500000 0.000983
14193.000000 0.000652
14195.500000 0.001058
14198.000000 0.000870
14200.500000 0.000000
14203.000000 0.000000
14205.500000 0.000846
14208.000000 0.000852
14210.500000 0.000291
14213.000000 0.000666
14215.500000 0.000295
14218.000000 0.000000
14220.500000 0.000691
14223.000000 0.001117
14225.500000 0.000910
14228.000000 0.001076
14230.500000 0.000819
14233.000000 0.000162
14235.500000 0.000735
14238.000000 0.001721
14240.500000 0.000988
14243.000000 0.000276
14245.500000 0.000326
14248.000000 0.000000
14250.500000 0.000000
14253.000000 0.000887
14255.500000 0.000615
14258.000000 0.000134
14260.500000 0.000000
14263.000000 0.000166
14265.500000 0.000653
14268.000000 0.001149
14270.500000 0.000772
14273.000000 0.000000
14275.500000 0.000000
14278.000000 0.000356
14280.500000 0.000333
14283.000000 0.000457
14285.500000 0.000592
14288.000000 0.000054
14290.500000 0.000086
14293.000000 0.001096
14295.500000 0.001294
14298.000000 0.000772
14300.500000 0.001103
14303.000000 0.000479
14305.500000 0.000000
14308.000000 0.000000
14310.500000 0.000718
14313.000000 0.000289
14315.500000 0.000066
14318.000000 0.000000
14320.500000 0.000000
14323.000000 0.000615
14325.500000 0.000795
14328.000000 0.000015
14330.500000 0.000000
14333.000000 0.000467
14335.500000 0.000906
14338.000000 0.001008
14340.500000 0.000992
14343.000000 0.000017
14345.500000 0.000049
14348.000000 0.000600
14350.500000 0.000079
14353.000000 0.000000
14355.500000 0.000000
14358.000000 0.000000
14360.500000 0.000000
14363.000000 0.000000
14365.500000 0.000324
14368.000000 0.000114
14370.500000 0.000059
14373.000000 0.000000
14375.500000 0.000000
14378.000000 0.000625
14380.500000 0.000934
14383.000000 0.000110
14385.500000 0.000364
14388.000000 0.000721
14390.500000 0.000378
14393.000000 0.000474
14395.500000 0.000671
14398.000000 0.000008
14400.500000 0.000000
14403.000000 0.000000
14405.500000 0.000000
14408.000000 0.000000
14410.500000 0.000723
14413.000000 0.000122
14415.500000 0.000000
14418.000000 0.000000
14420.500000 0.000181
14423.000000 0.000595
14425.500000 0.001022
14428.000000 0.000296
14430.500000 0.000000
14433.000000 0.000008
14435.500000 0.000741
14438.000000 0.000267
14440.500000 0.000032
14443.000000 0.000000
14445.500000 0.000000
14448.000000 0.000095
14450.500000 0.000910
14453.000000 0.000410
14455.500000 0.000000
14458.000000 0.000000
14460.500000 0.000000
14463.000000 0.000000
14465.500000 0.000633
14468.000000 0.000244
14470.500000 0.000211
14473.000000 0.000000
14475.500000 0.000000
14478.000000 0.000000
14480.500000 0.000345
14483.000000 0.000000
14485.500000 0.000000
14488.000000 0.000450
14490.500000 0.000024
14493.000000 0.000245
14495.500000 0.001396
14498.000000 0.000580
