# MOSFIRE_H1
# energy
# MOSFIRE_H1-band filter https://www2.keck.hawaii.edu/inst/mosfire/filters.html
13747.000000 0.000163
13757.000000 0.000131
13767.000000 0.000050
13777.000000 0.000012
13787.000000 -0.000006
13797.000000 -0.000021
13807.000000 0.000088
13817.000000 0.000417
13827.000000 0.000114
13837.000000 -0.000007
13847.000000 0.000049
13857.000000 0.000035
13867.000000 0.000135
13877.000000 0.000034
13887.000000 0.000068
13897.000000 0.000003
13907.000000 0.000099
13917.000000 0.000020
13927.000000 -0.000015
13937.000000 0.000061
13947.000000 0.000055
13957.000000 -0.000066
13967.000000 0.000020
13977.000000 0.000224
13987.000000 0.000190
13997.000000 0.000069
14007.000000 0.000246
14017.000000 0.000201
14027.000000 0.000038
14037.000000 0.000128
14047.000000 0.000212
14057.000000 0.000102
14067.000000 0.000260
14077.000000 0.000028
14087.000000 0.000336
14097.000000 0.000197
14107.000000 0.000309
14117.000000 0.000226
14127.000000 0.000319
14137.000000 0.000265
14147.000000 0.000248
14157.000000 0.000250
14167.000000 0.000374
14177.000000 0.000406
14187.000000 0.000333
14197.000000 0.000500
14207.000000 0.000435
14217.000000 0.000567
14227.000000 0.000446
14237.000000 0.000679
14247.000000 0.000683
14257.000000 0.000640
14267.000000 0.000835
14277.000000 0.000846
14287.000000 0.001022
14297.000000 0.001181
14307.000000 0.001280
14317.000000 0.001427
14327.000000 0.001599
14337.000000 0.001893
14347.000000 0.002067
14357.000000 0.002454
14367.000000 0.002673
14377.000000 0.003080
14387.000000 0.003608
14397.000000 0.004120
14407.000000 0.004765
14417.000000 0.005583
14427.000000 0.006458
14437.000000 0.007546
14447.000000 0.008634
14457.000000 0.009925
14467.000000 0.011562
14477.000000 0.013351
14487.000000 0.015714
14497.000000 0.018255
14507.000000 0.020953
14517.000000 0.024295
14527.000000 0.028118
14537.000000 0.032422
14547.000000 0.037278
14557.000000 0.043352
14567.000000 0.049745
14577.000000 0.057499
14587.000000 0.066412
14597.000000 0.076469
14607.000000 0.088071
14617.000000 0.102331
14627.000000 0.118314
14637.000000 0.136783
14647.000000 0.158900
14657.000000 0.184006
14667.000000 0.212761
14677.000000 0.246452
14687.000000 0.285178
14697.000000 0.326639
14707.000000 0.373460
14717.000000 0.424586
14727.000000 0.476925
14737.000000 0.531480
14747.000000 0.588038
14757.000000 0.640528
14767.000000 0.690677
14777.000000 0.737533
14787.000000 0.777676
14797.000000 0.812919
14807.000000 0.843938
14817.000000 0.868635
14827.000000 0.888695
14837.000000 0.904761
14847.000000 0.917288
14857.000000 0.928809
14867.000000 0.936909
14877.000000 0.943731
14887.000000 0.949243
14897.000000 0.955808
14907.000000 0.960341
14917.000000 0.963554
14927.000000 0.966291
14937.000000 0.968906
14947.000000 0.970423
14957.000000 0.972927
14967.000000 0.974038
14977.000000 0.975013
14987.000000 0.975938
14997.000000 0.976654
15007.000000 0.977036
15017.000000 0.977681
15027.000000 0.977824
15037.000000 0.978094
15047.000000 0.978301
15057.000000 0.978674
15067.000000 0.978888
15077.000000 0.978933
15087.000000 0.978603
15097.000000 0.979112
15107.000000 0.979286
15117.000000 0.979522
15127.000000 0.979958
15137.000000 0.979757
15147.000000 0.979717
15157.000000 0.979813
15167.000000 0.979938
15177.000000 0.980123
15187.000000 0.980355
15197.000000 0.980182
15207.000000 0.980458
15217.000000 0.980683
15227.000000 0.981022
15237.000000 0.981120
15247.000000 0.981338
15257.000000 0.982187
15267.000000 0.982169
15277.000000 0.982885
15287.000000 0.983497
15297.000000 0.984367
15307.000000 0.984781
15317.000000 0.985178
15327.000000 0.986063
15337.000000 0.986592
15347.000000 0.987024
15357.000000 0.987698
15367.000000 0.988308
15377.000000 0.988680
15387.000000 0.988815
15397.000000 0.988976
15407.000000 0.989355
15417.000000 0.989577
15427.000000 0.989626
15437.000000 0.989559
15447.000000 0.989951
15457.000000 0.989578
15467.000000 0.989684
15477.000000 0.989316
15487.000000 0.989465
15497.000000 0.989501
15507.000000 0.989086
15517.000000 0.988791
15527.000000 0.988615
15537.000000 0.988459
15547.000000 0.988355
15557.000000 0.988795
15567.000000 0.988656
15577.000000 0.988571
15587.000000 0.988761
15597.000000 0.988344
15607.000000 0.988592
15617.000000 0.988894
15627.000000 0.989025
15637.000000 0.988967
15647.000000 0.988628
15657.000000 0.988583
15667.000000 0.988966
15677.000000 0.989124
15687.000000 0.989223
15697.000000 0.989145
15707.000000 0.989015
15717.000000 0.989134
15727.000000 0.988732
15737.000000 0.988842
15747.000000 0.988687
15757.000000 0.988690
15767.000000 0.988911
15777.000000 0.989047
15787.000000 0.989335
15797.000000 0.989078
15807.000000 0.989204
15817.000000 0.989172
15827.000000 0.988918
15837.000000 0.989400
15847.000000 0.989190
15857.000000 0.989244
15867.000000 0.989803
15877.000000 0.989933
15887.000000 0.990355
15897.000000 0.990073
15907.000000 0.989946
15917.000000 0.990428
15927.000000 0.990170
15937.000000 0.990489
15947.000000 0.990678
15957.000000 0.990852
15967.000000 0.990906
15977.000000 0.990896
15987.000000 0.990986
15997.000000 0.991205
16007.000000 0.991027
16017.000000 0.990843
16027.000000 0.990961
16037.000000 0.991007
16047.000000 0.991417
16057.000000 0.991292
16067.000000 0.991219
16077.000000 0.990984
16087.000000 0.990829
16097.000000 0.990469
16107.000000 0.990633
16117.000000 0.990321
16127.000000 0.989893
16137.000000 0.989686
16147.000000 0.988784
16157.000000 0.988296
16167.000000 0.986916
16177.000000 0.985876
16187.000000 0.984100
16197.000000 0.981839
16207.000000 0.978424
16217.000000 0.974246
16227.000000 0.969222
16237.000000 0.962645
16247.000000 0.954153
16257.000000 0.943581
16267.000000 0.930525
16277.000000 0.913828
16287.000000 0.895150
16297.000000 0.872824
16307.000000 0.845380
16317.000000 0.814904
16327.000000 0.781274
16337.000000 0.743321
16347.000000 0.702018
16357.000000 0.659567
16367.000000 0.614688
16377.000000 0.567247
16387.000000 0.521491
16397.000000 0.475932
16407.000000 0.430223
16417.000000 0.388132
16427.000000 0.348413
16437.000000 0.309972
16447.000000 0.275097
16457.000000 0.243925
16467.000000 0.215370
16477.000000 0.189568
16487.000000 0.166980
16497.000000 0.146480
16507.000000 0.128249
16517.000000 0.112550
16527.000000 0.098658
16537.000000 0.086000
16547.000000 0.075405
16557.000000 0.066007
16567.000000 0.057751
16577.000000 0.050547
16587.000000 0.044279
16597.000000 0.038833
16607.000000 0.034075
16617.000000 0.030058
16627.000000 0.026346
16637.000000 0.023236
16647.000000 0.020512
16657.000000 0.018193
16667.000000 0.015945
16677.000000 0.014166
16687.000000 0.012557
16697.000000 0.011251
16707.000000 0.009981
16717.000000 0.008882
16727.000000 0.007903
16737.000000 0.007101
16747.000000 0.006374
16757.000000 0.005659
16767.000000 0.005155
16777.000000 0.004557
16787.000000 0.004147
16797.000000 0.003746
16807.000000 0.003511
16817.000000 0.003176
16827.000000 0.002871
16837.000000 0.002555
16847.000000 0.002273
16857.000000 0.002169
16867.000000 0.001894
16877.000000 0.001872
16887.000000 0.001704
16897.000000 0.001568
16907.000000 0.001628
16917.000000 0.001345
16927.000000 0.001242
16937.000000 0.001217
16947.000000 0.000984
16957.000000 0.000939
16967.000000 0.000821
16977.000000 0.000909
16987.000000 0.000700
16997.000000 0.000730
17007.000000 0.000811
17017.000000 0.000734
17027.000000 0.000712
17037.000000 0.000531
17047.000000 0.000537
17057.000000 0.000387
17067.000000 0.000420
17077.000000 0.000383
17087.000000 0.000397
17097.000000 0.000453
17107.000000 0.000324
17117.000000 0.000518
17127.000000 0.000389
17137.000000 0.000353
17147.000000 0.000306
17157.000000 0.000320
17167.000000 0.000217
17177.000000 0.000294
17187.000000 0.000296
17197.000000 0.000237
17207.000000 0.000269
17217.000000 0.000060
17227.000000 0.000325
17237.000000 0.000137
17247.000000 0.000148
17257.000000 0.000088
17267.000000 0.000219
17277.000000 0.000264
17287.000000 0.000079
17297.000000 0.000192
17307.000000 0.000105
17317.000000 0.000056
17327.000000 0.000174
17337.000000 0.000130
17347.000000 0.000150
17357.000000 0.000108
17367.000000 0.000174
17377.000000 0.000183
17387.000000 0.000074
17397.000000 0.000183
17407.000000 0.000113
17417.000000 0.000024
17427.000000 -0.000006
17437.000000 0.000062
17447.000000 0.000038
17457.000000 0.000223
17467.000000 0.000059
17477.000000 -0.000025
17487.000000 0.000052
17497.000000 -0.000023
