# MOSFIRE_H2
# energy
# MOSFIRE_H2-band filter https://www2.keck.hawaii.edu/inst/mosfire/filters.html
15497.000000 0.000213
15507.000000 0.000238
15517.000000 0.000238
15527.000000 0.000131
15537.000000 0.000169
15547.000000 0.000308
15557.000000 0.000303
15567.000000 0.000320
15577.000000 0.000426
15587.000000 0.000487
15597.000000 0.000374
15607.000000 0.000565
15617.000000 0.000486
15627.000000 0.000584
15637.000000 0.000614
15647.000000 0.000655
15657.000000 0.000851
15667.000000 0.000814
15677.000000 0.000856
15687.000000 0.000950
15697.000000 0.000986
15707.000000 0.001103
15717.000000 0.001165
15727.000000 0.001153
15737.000000 0.001385
15747.000000 0.001464
15757.000000 0.001568
15767.000000 0.001606
15777.000000 0.001762
15787.000000 0.001721
15797.000000 0.001983
15807.000000 0.002066
15817.000000 0.002334
15827.000000 0.002458
15837.000000 0.002729
15847.000000 0.002992
15857.000000 0.003272
15867.000000 0.003444
15877.000000 0.003856
15887.000000 0.004297
15897.000000 0.004739
15907.000000 0.005287
15917.000000 0.006051
15927.000000 0.006640
15937.000000 0.007605
15947.000000 0.008583
15957.000000 0.009632
15967.000000 0.011145
15977.000000 0.012829
15987.000000 0.014736
15997.000000 0.017013
16007.000000 0.019803
16017.000000 0.022836
16027.000000 0.026731
16037.000000 0.031430
16047.000000 0.036732
16057.000000 0.042962
16067.000000 0.050718
16077.000000 0.059438
16087.000000 0.069798
16097.000000 0.082414
16107.000000 0.096315
16117.000000 0.112143
16127.000000 0.130906
16137.000000 0.151207
16147.000000 0.173323
16157.000000 0.198054
16167.000000 0.224109
16177.000000 0.251621
16187.000000 0.280766
16197.000000 0.311797
16207.000000 0.342530
16217.000000 0.374364
16227.000000 0.409553
16237.000000 0.443660
16247.000000 0.479652
16257.000000 0.519053
16267.000000 0.556867
16277.000000 0.596954
16287.000000 0.638459
16297.000000 0.680525
16307.000000 0.721133
16317.000000 0.762893
16327.000000 0.802059
16337.000000 0.838207
16347.000000 0.872346
16357.000000 0.900997
16367.000000 0.925096
16377.000000 0.944431
16387.000000 0.959328
16397.000000 0.968081
16407.000000 0.974246
16417.000000 0.976107
16427.000000 0.973917
16437.000000 0.970660
16447.000000 0.966554
16457.000000 0.961155
16467.000000 0.954641
16477.000000 0.949373
16487.000000 0.944440
16497.000000 0.941232
16507.000000 0.937271
16517.000000 0.934774
16527.000000 0.933570
16537.000000 0.932754
16547.000000 0.932857
16557.000000 0.933606
16567.000000 0.934268
16577.000000 0.936304
16587.000000 0.937507
16597.000000 0.939131
16607.000000 0.940727
16617.000000 0.942115
16627.000000 0.943690
16637.000000 0.945133
16647.000000 0.946923
16657.000000 0.948462
16667.000000 0.949964
16677.000000 0.951617
16687.000000 0.952513
16697.000000 0.954161
16707.000000 0.956107
16717.000000 0.958183
16727.000000 0.959701
16737.000000 0.962386
16747.000000 0.964535
16757.000000 0.967204
16767.000000 0.970375
16777.000000 0.973678
16787.000000 0.976116
16797.000000 0.979888
16807.000000 0.981312
16817.000000 0.984017
16827.000000 0.985076
16837.000000 0.986553
16847.000000 0.987936
16857.000000 0.986956
16867.000000 0.987375
16877.000000 0.985592
16887.000000 0.983701
16897.000000 0.981988
16907.000000 0.979012
16917.000000 0.975871
16927.000000 0.971681
16937.000000 0.967918
16947.000000 0.964624
16957.000000 0.960271
16967.000000 0.956160
16977.000000 0.953215
16987.000000 0.950122
16997.000000 0.947569
17007.000000 0.944348
17017.000000 0.942088
17027.000000 0.941401
17037.000000 0.939176
17047.000000 0.939054
17057.000000 0.940064
17067.000000 0.940747
17077.000000 0.941968
17087.000000 0.942567
17097.000000 0.944984
17107.000000 0.947283
17117.000000 0.950217
17127.000000 0.951770
17137.000000 0.955471
17147.000000 0.957753
17157.000000 0.960377
17167.000000 0.963659
17177.000000 0.965222
17187.000000 0.968436
17197.000000 0.970487
17207.000000 0.972347
17217.000000 0.974168
17227.000000 0.976344
17237.000000 0.977891
17247.000000 0.978822
17257.000000 0.980327
17267.000000 0.981693
17277.000000 0.982512
17287.000000 0.982964
17297.000000 0.984472
17307.000000 0.985342
17317.000000 0.986871
17327.000000 0.986050
17337.000000 0.988348
17347.000000 0.988546
17357.000000 0.988586
17367.000000 0.989375
17377.000000 0.990503
17387.000000 0.991488
17397.000000 0.992293
17407.000000 0.992515
17417.000000 0.992672
17427.000000 0.992851
17437.000000 0.993547
17447.000000 0.993953
17457.000000 0.993869
17467.000000 0.993072
17477.000000 0.993443
17487.000000 0.993710
17497.000000 0.993314
17507.000000 0.992629
17517.000000 0.992370
17527.000000 0.992644
17537.000000 0.992476
17547.000000 0.991770
17557.000000 0.992514
17567.000000 0.992604
17577.000000 0.992445
17587.000000 0.992427
17597.000000 0.991227
17607.000000 0.991654
17617.000000 0.992672
17627.000000 0.992482
17637.000000 0.992824
17647.000000 0.992058
17657.000000 0.992534
17667.000000 0.992475
17677.000000 0.992323
17687.000000 0.991343
17697.000000 0.991448
17707.000000 0.990047
17717.000000 0.989302
17727.000000 0.987683
17737.000000 0.985949
17747.000000 0.984706
17757.000000 0.981696
17767.000000 0.977459
17777.000000 0.973390
17787.000000 0.966615
17797.000000 0.958551
17807.000000 0.947671
17817.000000 0.935425
17827.000000 0.918222
17837.000000 0.898509
17847.000000 0.875325
17857.000000 0.846750
17867.000000 0.813131
17877.000000 0.775624
17887.000000 0.733847
17897.000000 0.687489
17907.000000 0.638582
17917.000000 0.588999
17927.000000 0.538036
17937.000000 0.486117
17947.000000 0.437927
17957.000000 0.391060
17967.000000 0.346028
17977.000000 0.307169
17987.000000 0.270731
17997.000000 0.237085
18007.000000 0.206844
18017.000000 0.180650
18027.000000 0.156907
18037.000000 0.137770
18047.000000 0.120421
18057.000000 0.104206
18067.000000 0.090996
18077.000000 0.079568
18087.000000 0.069822
18097.000000 0.061205
18107.000000 0.053614
18117.000000 0.046799
18127.000000 0.041151
18137.000000 0.036568
18147.000000 0.032135
18157.000000 0.028173
18167.000000 0.024930
18177.000000 0.022279
18187.000000 0.019883
18197.000000 0.017551
18207.000000 0.015381
18217.000000 0.013469
18227.000000 0.012185
18237.000000 0.011154
18247.000000 0.009863
18257.000000 0.008934
18267.000000 0.007898
18277.000000 0.007042
18287.000000 0.006459
18297.000000 0.005853
18307.000000 0.005124
18317.000000 0.004592
18327.000000 0.004169
18337.000000 0.003855
18347.000000 0.003591
18357.000000 0.003185
18367.000000 0.002887
18377.000000 0.002595
18387.000000 0.002374
18397.000000 0.002150
18407.000000 0.001994
18417.000000 0.001834
18427.000000 0.001645
18437.000000 0.001497
18447.000000 0.001542
18457.000000 0.001323
18467.000000 0.001176
18477.000000 0.001144
18487.000000 0.001074
18497.000000 0.000988
18507.000000 0.000952
18517.000000 0.000791
18527.000000 0.000824
18537.000000 0.000615
18547.000000 0.000666
18557.000000 0.000600
18567.000000 0.000681
18577.000000 0.000630
18587.000000 0.000475
18597.000000 0.000485
18607.000000 0.000567
18617.000000 0.000374
18627.000000 0.000397
18637.000000 0.000335
18647.000000 0.000314
18657.000000 0.000385
18667.000000 0.000343
18677.000000 0.000428
18687.000000 0.000327
18697.000000 0.000229
18707.000000 0.000308
18717.000000 0.000200
18727.000000 0.000334
18737.000000 0.000244
18747.000000 0.000159
