# MOSFIRE_H
# energy
# MOSFIRE_H-band filter https://www2.keck.hawaii.edu/inst/mosfire/filters.html
19075.000000 0.000044
19070.000000 0.000029
19065.000000 0.000037
19060.000000 0.000033
19055.000000 0.000065
19050.000000 0.000092
19045.000000 0.000108
19040.000000 0.000093
19035.000000 0.000078
19030.000000 0.000153
19025.000000 0.000099
19020.000000 0.000149
19015.000000 0.000109
19010.000000 0.000062
19005.000000 0.000128
19000.000000 0.000109
18995.000000 0.000123
18990.000000 0.000084
18985.000000 0.000121
18980.000000 0.000150
18975.000000 0.000114
18970.000000 0.000103
18965.000000 0.000167
18960.000000 0.000090
18955.000000 0.000207
18950.000000 0.000204
18945.000000 0.000159
18940.000000 0.000186
18935.000000 0.000236
18930.000000 0.000164
18925.000000 0.000203
18920.000000 0.000169
18915.000000 0.000225
18910.000000 0.000238
18905.000000 0.000184
18900.000000 0.000219
18895.000000 0.000337
18890.000000 0.000273
18885.000000 0.000227
18880.000000 0.000271
18875.000000 0.000288
18870.000000 0.000243
18865.000000 0.000216
18860.000000 0.000279
18855.000000 0.000330
18850.000000 0.000313
18845.000000 0.000306
18840.000000 0.000273
18835.000000 0.000321
18830.000000 0.000328
18825.000000 0.000349
18820.000000 0.000343
18815.000000 0.000343
18810.000000 0.000347
18805.000000 0.000454
18800.000000 0.000335
18795.000000 0.000458
18790.000000 0.000466
18785.000000 0.000465
18780.000000 0.000445
18775.000000 0.000403
18770.000000 0.000573
18765.000000 0.000451
18760.000000 0.000587
18755.000000 0.000502
18750.000000 0.000579
18745.000000 0.000608
18740.000000 0.000654
18735.000000 0.000664
18730.000000 0.000687
18725.000000 0.000671
18720.000000 0.000729
18715.000000 0.000698
18710.000000 0.000775
18705.000000 0.000851
18700.000000 0.000882
18695.000000 0.000856
18690.000000 0.000842
18685.000000 0.000863
18680.000000 0.000956
18675.000000 0.001056
18670.000000 0.001077
18665.000000 0.001097
18660.000000 0.001213
18655.000000 0.001169
18650.000000 0.001150
18645.000000 0.001221
18640.000000 0.001298
18635.000000 0.001349
18630.000000 0.001390
18625.000000 0.001460
18620.000000 0.001499
18615.000000 0.001587
18610.000000 0.001632
18605.000000 0.001637
18600.000000 0.001770
18595.000000 0.001807
18590.000000 0.001945
18585.000000 0.002004
18580.000000 0.002048
18575.000000 0.002086
18570.000000 0.002220
18565.000000 0.002368
18560.000000 0.002469
18555.000000 0.002517
18550.000000 0.002568
18545.000000 0.002709
18540.000000 0.002834
18535.000000 0.002854
18530.000000 0.003061
18525.000000 0.003239
18520.000000 0.003380
18515.000000 0.003581
18510.000000 0.003744
18505.000000 0.003867
18500.000000 0.004023
18495.000000 0.004254
18490.000000 0.004394
18485.000000 0.004614
18480.000000 0.004864
18475.000000 0.005060
18470.000000 0.005216
18465.000000 0.005493
18460.000000 0.005795
18455.000000 0.006124
18450.000000 0.006466
18445.000000 0.006770
18440.000000 0.007099
18435.000000 0.007555
18430.000000 0.007931
18425.000000 0.008262
18420.000000 0.008563
18415.000000 0.008993
18410.000000 0.009378
18405.000000 0.009889
18400.000000 0.010417
18395.000000 0.011031
18390.000000 0.011596
18385.000000 0.012265
18380.000000 0.012974
18375.000000 0.013645
18370.000000 0.014396
18365.000000 0.015123
18360.000000 0.015922
18355.000000 0.016722
18350.000000 0.017613
18345.000000 0.018682
18340.000000 0.019876
18335.000000 0.021081
18330.000000 0.022504
18325.000000 0.023759
18320.000000 0.025169
18315.000000 0.026706
18310.000000 0.028234
18305.000000 0.029769
18300.000000 0.031597
18295.000000 0.033395
18290.000000 0.035522
18285.000000 0.037778
18280.000000 0.040191
18275.000000 0.042771
18270.000000 0.045654
18265.000000 0.048620
18260.000000 0.051488
18255.000000 0.054565
18250.000000 0.057968
18245.000000 0.061756
18240.000000 0.065928
18235.000000 0.070707
18230.000000 0.075620
18225.000000 0.080519
18220.000000 0.085889
18215.000000 0.090924
18210.000000 0.096448
18205.000000 0.102433
18200.000000 0.108894
18195.000000 0.116057
18190.000000 0.124233
18185.000000 0.132880
18180.000000 0.141914
18175.000000 0.152493
18170.000000 0.162476
18165.000000 0.172830
18160.000000 0.183910
18155.000000 0.195104
18150.000000 0.206644
18145.000000 0.219356
18140.000000 0.233711
18135.000000 0.248095
18130.000000 0.263919
18125.000000 0.280499
18120.000000 0.296425
18115.000000 0.314397
18110.000000 0.332217
18105.000000 0.351035
18100.000000 0.371749
18095.000000 0.392296
18090.000000 0.413778
18085.000000 0.434902
18080.000000 0.457613
18075.000000 0.480009
18070.000000 0.502502
18065.000000 0.524374
18060.000000 0.546158
18055.000000 0.568447
18050.000000 0.590779
18045.000000 0.612787
18040.000000 0.634302
18035.000000 0.656883
18030.000000 0.678105
18025.000000 0.698313
18020.000000 0.719361
18015.000000 0.738098
18010.000000 0.756131
18005.000000 0.774092
18000.000000 0.791530
17995.000000 0.808820
17990.000000 0.824679
17985.000000 0.841044
17980.000000 0.854803
17975.000000 0.867481
17970.000000 0.880495
17965.000000 0.892199
17960.000000 0.903156
17955.000000 0.912926
17950.000000 0.922064
17945.000000 0.930255
17940.000000 0.938228
17935.000000 0.945159
17930.000000 0.951458
17925.000000 0.957025
17920.000000 0.961709
17915.000000 0.966221
17910.000000 0.970035
17905.000000 0.973558
17900.000000 0.976546
17895.000000 0.978989
17890.000000 0.981213
17885.000000 0.982674
17880.000000 0.984327
17875.000000 0.985587
17870.000000 0.986327
17865.000000 0.987037
17860.000000 0.987107
17855.000000 0.987312
17850.000000 0.987499
17845.000000 0.987102
17840.000000 0.987030
17835.000000 0.986402
17830.000000 0.985658
17825.000000 0.985057
17820.000000 0.984443
17815.000000 0.983572
17810.000000 0.982640
17805.000000 0.981712
17800.000000 0.980785
17795.000000 0.979803
17790.000000 0.978665
17785.000000 0.977540
17780.000000 0.976543
17775.000000 0.975294
17770.000000 0.974242
17765.000000 0.973108
17760.000000 0.972149
17755.000000 0.971045
17750.000000 0.970081
17745.000000 0.968973
17740.000000 0.967935
17735.000000 0.967073
17730.000000 0.966259
17725.000000 0.965243
17720.000000 0.964354
17715.000000 0.963632
17710.000000 0.962738
17705.000000 0.961940
17700.000000 0.961414
17695.000000 0.960557
17690.000000 0.960054
17685.000000 0.959362
17680.000000 0.958771
17675.000000 0.958110
17670.000000 0.957541
17665.000000 0.957252
17660.000000 0.956634
17655.000000 0.956347
17650.000000 0.956117
17645.000000 0.955654
17640.000000 0.955571
17635.000000 0.955204
17630.000000 0.955123
17625.000000 0.954956
17620.000000 0.954863
17615.000000 0.954823
17610.000000 0.954601
17605.000000 0.954716
17600.000000 0.954692
17595.000000 0.954775
17590.000000 0.954960
17585.000000 0.954950
17580.000000 0.954938
17575.000000 0.954963
17570.000000 0.955214
17565.000000 0.955426
17560.000000 0.955597
17555.000000 0.955816
17550.000000 0.956090
17545.000000 0.956440
17540.000000 0.956639
17535.000000 0.956705
17530.000000 0.957106
17525.000000 0.957475
17520.000000 0.957676
17515.000000 0.957928
17510.000000 0.958271
17505.000000 0.958446
17500.000000 0.958807
17495.000000 0.959124
17490.000000 0.959500
17485.000000 0.959782
17480.000000 0.960087
17475.000000 0.960428
17470.000000 0.960764
17465.000000 0.960963
17460.000000 0.961360
17455.000000 0.961690
17450.000000 0.961918
17445.000000 0.962491
17440.000000 0.962796
17435.000000 0.963014
17430.000000 0.963370
17425.000000 0.963661
17420.000000 0.964048
17415.000000 0.964547
17410.000000 0.964736
17405.000000 0.965141
17400.000000 0.965351
17395.000000 0.965853
17390.000000 0.966152
17385.000000 0.966597
17380.000000 0.966817
17375.000000 0.967277
17370.000000 0.967656
17365.000000 0.968117
17360.000000 0.968491
17355.000000 0.968790
17350.000000 0.968989
17345.000000 0.969217
17340.000000 0.969762
17335.000000 0.970383
17330.000000 0.970794
17325.000000 0.971443
17320.000000 0.971596
17315.000000 0.972014
17310.000000 0.972419
17305.000000 0.972872
17300.000000 0.973536
17295.000000 0.973995
17290.000000 0.974271
17285.000000 0.974825
17280.000000 0.975458
17275.000000 0.976031
17270.000000 0.976516
17265.000000 0.977113
17260.000000 0.977607
17255.000000 0.978164
17250.000000 0.978651
17245.000000 0.979262
17240.000000 0.979764
17235.000000 0.980421
17230.000000 0.980955
17225.000000 0.981753
17220.000000 0.982124
17215.000000 0.982663
17210.000000 0.983193
17205.000000 0.983943
17200.000000 0.984347
17195.000000 0.984898
17190.000000 0.985397
17185.000000 0.985833
17180.000000 0.986567
17175.000000 0.986952
17170.000000 0.987497
17165.000000 0.987786
17160.000000 0.988441
17155.000000 0.988862
17150.000000 0.989229
17145.000000 0.989550
17140.000000 0.989993
17135.000000 0.990417
17130.000000 0.990586
17125.000000 0.991073
17120.000000 0.991296
17115.000000 0.991583
17110.000000 0.991659
17105.000000 0.991960
17100.000000 0.992226
17095.000000 0.992335
17090.000000 0.992536
17085.000000 0.992670
17080.000000 0.992734
17075.000000 0.992956
17070.000000 0.992933
17065.000000 0.993023
17060.000000 0.992992
17055.000000 0.992949
17050.000000 0.993073
17045.000000 0.992950
17040.000000 0.992777
17035.000000 0.992856
17030.000000 0.992683
17025.000000 0.992592
17020.000000 0.992422
17015.000000 0.992281
17010.000000 0.992251
17005.000000 0.992034
17000.000000 0.991762
16995.000000 0.991482
16990.000000 0.991164
16985.000000 0.990974
16980.000000 0.990949
16975.000000 0.990498
16970.000000 0.990349
16965.000000 0.990072
16960.000000 0.990049
16955.000000 0.989742
16950.000000 0.989548
16945.000000 0.989183
16940.000000 0.988951
16935.000000 0.988761
16930.000000 0.988542
16925.000000 0.988222
16920.000000 0.987996
16915.000000 0.988063
16910.000000 0.987797
16905.000000 0.987473
16900.000000 0.987434
16895.000000 0.987264
16890.000000 0.987168
16885.000000 0.986971
16880.000000 0.986918
16875.000000 0.986727
16870.000000 0.986684
16865.000000 0.986635
16860.000000 0.986608
16855.000000 0.986568
16850.000000 0.986727
16845.000000 0.986512
16840.000000 0.986529
16835.000000 0.986610
16830.000000 0.986661
16825.000000 0.986582
16820.000000 0.986788
16815.000000 0.986882
16810.000000 0.986890
16805.000000 0.986984
16800.000000 0.987184
16795.000000 0.987319
16790.000000 0.987299
16785.000000 0.987261
16780.000000 0.987507
16775.000000 0.987475
16770.000000 0.987803
16765.000000 0.987854
16760.000000 0.987900
16755.000000 0.988259
16750.000000 0.988313
16745.000000 0.988397
16740.000000 0.988580
16735.000000 0.988655
16730.000000 0.988795
16725.000000 0.988725
16720.000000 0.988911
16715.000000 0.988959
16710.000000 0.989036
16705.000000 0.989100
16700.000000 0.989200
16695.000000 0.989175
16690.000000 0.989117
16685.000000 0.989197
16680.000000 0.989134
16675.000000 0.989163
16670.000000 0.989042
16665.000000 0.989135
16660.000000 0.989040
16655.000000 0.989009
16650.000000 0.988868
16645.000000 0.989068
16640.000000 0.988959
16635.000000 0.988744
16630.000000 0.988651
16625.000000 0.988393
16620.000000 0.988555
16615.000000 0.988283
16610.000000 0.987991
16605.000000 0.988036
16600.000000 0.987953
16595.000000 0.987794
16590.000000 0.987571
16585.000000 0.987349
16580.000000 0.987243
16575.000000 0.987121
16570.000000 0.986910
16565.000000 0.986995
16560.000000 0.986935
16555.000000 0.986870
16550.000000 0.986835
16545.000000 0.986572
16540.000000 0.986724
16535.000000 0.986656
16530.000000 0.986394
16525.000000 0.986425
16520.000000 0.986450
16515.000000 0.986535
16510.000000 0.986623
16505.000000 0.986562
16500.000000 0.986571
16495.000000 0.986812
16490.000000 0.987069
16485.000000 0.986958
16480.000000 0.987244
16475.000000 0.987604
16470.000000 0.987348
16465.000000 0.987710
16460.000000 0.987970
16455.000000 0.988227
16450.000000 0.988593
16445.000000 0.988737
16440.000000 0.989022
16435.000000 0.989503
16430.000000 0.989507
16425.000000 0.989768
16420.000000 0.990123
16415.000000 0.990360
16410.000000 0.990818
16405.000000 0.990968
16400.000000 0.991238
16395.000000 0.991547
16390.000000 0.991724
16385.000000 0.991983
16380.000000 0.991946
16375.000000 0.992356
16370.000000 0.992366
16365.000000 0.992521
16360.000000 0.992821
16355.000000 0.993006
16350.000000 0.992891
16345.000000 0.992977
16340.000000 0.992839
16335.000000 0.992929
16330.000000 0.992844
16325.000000 0.992763
16320.000000 0.992634
16315.000000 0.992336
16310.000000 0.992119
16305.000000 0.992035
16300.000000 0.991686
16295.000000 0.991409
16290.000000 0.991219
16285.000000 0.990901
16280.000000 0.990579
16275.000000 0.989987
16270.000000 0.989580
16265.000000 0.989167
16260.000000 0.988712
16255.000000 0.988265
16250.000000 0.987798
16245.000000 0.987423
16240.000000 0.986764
16235.000000 0.986327
16230.000000 0.985894
16225.000000 0.985326
16220.000000 0.984708
16215.000000 0.984127
16210.000000 0.983593
16205.000000 0.983206
16200.000000 0.982585
16195.000000 0.982246
16190.000000 0.981603
16185.000000 0.981241
16180.000000 0.980807
16175.000000 0.980397
16170.000000 0.979983
16165.000000 0.979663
16160.000000 0.979380
16155.000000 0.978997
16150.000000 0.978650
16145.000000 0.978407
16140.000000 0.978218
16135.000000 0.977875
16130.000000 0.977945
16125.000000 0.977816
16120.000000 0.977457
16115.000000 0.977448
16110.000000 0.977334
16105.000000 0.977284
16100.000000 0.977361
16095.000000 0.977363
16090.000000 0.977432
16085.000000 0.977491
16080.000000 0.977539
16075.000000 0.977569
16070.000000 0.977608
16065.000000 0.977842
16060.000000 0.977876
16055.000000 0.978030
16050.000000 0.978208
16045.000000 0.978426
16040.000000 0.978507
16035.000000 0.978892
16030.000000 0.978875
16025.000000 0.979171
16020.000000 0.979301
16015.000000 0.979336
16010.000000 0.979623
16005.000000 0.979803
16000.000000 0.979879
15995.000000 0.980087
15990.000000 0.980190
15985.000000 0.980292
15980.000000 0.980611
15975.000000 0.980779
15970.000000 0.980691
15965.000000 0.980886
15960.000000 0.980648
15955.000000 0.980949
15950.000000 0.981160
15945.000000 0.981067
15940.000000 0.981175
15935.000000 0.981058
15930.000000 0.981111
15925.000000 0.980987
15920.000000 0.981071
15915.000000 0.980864
15910.000000 0.980939
15905.000000 0.980877
15900.000000 0.980728
15895.000000 0.980696
15890.000000 0.980563
15885.000000 0.980568
15880.000000 0.980476
15875.000000 0.980509
15870.000000 0.980376
15865.000000 0.980157
15860.000000 0.980143
15855.000000 0.979869
15850.000000 0.979808
15845.000000 0.979849
15840.000000 0.979832
15835.000000 0.979884
15830.000000 0.979563
15825.000000 0.979545
15820.000000 0.979517
15815.000000 0.979315
15810.000000 0.979194
15805.000000 0.979176
15800.000000 0.979121
15795.000000 0.978828
15790.000000 0.979025
15785.000000 0.978812
15780.000000 0.978765
15775.000000 0.978707
15770.000000 0.978802
15765.000000 0.978646
15760.000000 0.978418
15755.000000 0.978283
15750.000000 0.978173
15745.000000 0.978067
15740.000000 0.977752
15735.000000 0.977888
15730.000000 0.977695
15725.000000 0.977506
15720.000000 0.977408
15715.000000 0.977261
15710.000000 0.977204
15705.000000 0.976872
15700.000000 0.976671
15695.000000 0.976358
15690.000000 0.976520
15685.000000 0.976254
15680.000000 0.976101
15675.000000 0.975984
15670.000000 0.975753
15665.000000 0.975628
15660.000000 0.975555
15655.000000 0.975233
15650.000000 0.975197
15645.000000 0.975060
15640.000000 0.974820
15635.000000 0.974950
15630.000000 0.974944
15625.000000 0.974730
15620.000000 0.974669
15615.000000 0.974707
15610.000000 0.974819
15605.000000 0.974718
15600.000000 0.974585
15595.000000 0.975050
15590.000000 0.975199
15585.000000 0.975347
15580.000000 0.975512
15575.000000 0.975562
15570.000000 0.975911
15565.000000 0.976398
15560.000000 0.976451
15555.000000 0.976948
15550.000000 0.977107
15545.000000 0.977761
15540.000000 0.978035
15535.000000 0.978749
15530.000000 0.979072
15525.000000 0.979645
15520.000000 0.980134
15515.000000 0.980751
15510.000000 0.981166
15505.000000 0.981745
15500.000000 0.982470
15495.000000 0.982900
15490.000000 0.983403
15485.000000 0.984060
15480.000000 0.984527
15475.000000 0.985011
15470.000000 0.985492
15465.000000 0.985744
15460.000000 0.986169
15455.000000 0.986475
15450.000000 0.986723
15445.000000 0.986936
15440.000000 0.986903
15435.000000 0.987092
15430.000000 0.986977
15425.000000 0.986954
15420.000000 0.986969
15415.000000 0.986695
15410.000000 0.986333
15405.000000 0.985950
15400.000000 0.985712
15395.000000 0.985283
15390.000000 0.984613
15385.000000 0.983884
15380.000000 0.983219
15375.000000 0.982562
15370.000000 0.981489
15365.000000 0.980756
15360.000000 0.979683
15355.000000 0.978693
15350.000000 0.977596
15345.000000 0.976299
15340.000000 0.975031
15335.000000 0.973890
15330.000000 0.972724
15325.000000 0.971443
15320.000000 0.970102
15315.000000 0.968792
15310.000000 0.967542
15305.000000 0.966197
15300.000000 0.965059
15295.000000 0.963916
15290.000000 0.962596
15285.000000 0.961474
15280.000000 0.960280
15275.000000 0.959321
15270.000000 0.958244
15265.000000 0.957482
15260.000000 0.956583
15255.000000 0.955951
15250.000000 0.955128
15245.000000 0.954656
15240.000000 0.954003
15235.000000 0.953806
15230.000000 0.953399
15225.000000 0.953259
15220.000000 0.953150
15215.000000 0.953215
15210.000000 0.953543
15205.000000 0.953574
15200.000000 0.953908
15195.000000 0.954232
15190.000000 0.954896
15185.000000 0.955369
15180.000000 0.956160
15175.000000 0.956850
15170.000000 0.957676
15165.000000 0.958400
15160.000000 0.959388
15155.000000 0.960419
15150.000000 0.961212
15145.000000 0.962205
15140.000000 0.963281
15135.000000 0.964013
15130.000000 0.965130
15125.000000 0.966371
15120.000000 0.967313
15115.000000 0.968366
15110.000000 0.969211
15105.000000 0.970243
15100.000000 0.971075
15095.000000 0.971896
15090.000000 0.972957
15085.000000 0.973511
15080.000000 0.974286
15075.000000 0.974872
15070.000000 0.975368
15065.000000 0.975816
15060.000000 0.976137
15055.000000 0.976517
15050.000000 0.976619
15045.000000 0.976655
15040.000000 0.976700
15035.000000 0.976880
15030.000000 0.976566
15025.000000 0.976347
15020.000000 0.976047
15015.000000 0.975875
15010.000000 0.975341
15005.000000 0.974720
15000.000000 0.974186
14995.000000 0.973629
14990.000000 0.972798
14985.000000 0.971813
14980.000000 0.970995
14975.000000 0.969869
14970.000000 0.968922
14965.000000 0.967586
14960.000000 0.966225
14955.000000 0.964912
14950.000000 0.963507
14945.000000 0.961925
14940.000000 0.960115
14935.000000 0.958385
14930.000000 0.956309
14925.000000 0.954437
14920.000000 0.952302
14915.000000 0.950283
14910.000000 0.948113
14905.000000 0.945994
14900.000000 0.943573
14895.000000 0.941049
14890.000000 0.938719
14885.000000 0.936033
14880.000000 0.933313
14875.000000 0.930948
14870.000000 0.928184
14865.000000 0.925757
14860.000000 0.923182
14855.000000 0.920762
14850.000000 0.918263
14845.000000 0.916321
14840.000000 0.914125
14835.000000 0.912039
14830.000000 0.910206
14825.000000 0.908671
14820.000000 0.907127
14815.000000 0.905932
14810.000000 0.904770
14805.000000 0.903618
14800.000000 0.902660
14795.000000 0.901604
14790.000000 0.900737
14785.000000 0.899758
14780.000000 0.898620
14775.000000 0.897070
14770.000000 0.895245
14765.000000 0.893030
14760.000000 0.890116
14755.000000 0.886091
14750.000000 0.881411
14745.000000 0.875177
14740.000000 0.867760
14735.000000 0.859082
14730.000000 0.848597
14725.000000 0.835686
14720.000000 0.821691
14715.000000 0.804490
14710.000000 0.785666
14705.000000 0.765127
14700.000000 0.742475
14695.000000 0.717613
14690.000000 0.691299
14685.000000 0.663861
14680.000000 0.633697
14675.000000 0.604060
14670.000000 0.574616
14665.000000 0.544423
14660.000000 0.514699
14655.000000 0.485623
14650.000000 0.454644
14645.000000 0.424144
14640.000000 0.396481
14635.000000 0.370237
14630.000000 0.345069
14625.000000 0.321937
14620.000000 0.299403
14615.000000 0.279097
14610.000000 0.260351
14605.000000 0.243118
14600.000000 0.226225
14595.000000 0.210773
14590.000000 0.197059
14585.000000 0.182912
14580.000000 0.170586
14575.000000 0.159634
14570.000000 0.149378
14565.000000 0.139518
14560.000000 0.130303
14555.000000 0.121838
14550.000000 0.113713
14545.000000 0.106362
14540.000000 0.099698
14535.000000 0.092986
14530.000000 0.086872
14525.000000 0.081075
14520.000000 0.075700
14515.000000 0.070417
14510.000000 0.065991
14505.000000 0.061540
14500.000000 0.057178
14495.000000 0.053264
14490.000000 0.049399
14485.000000 0.045868
14480.000000 0.042518
14475.000000 0.039484
14470.000000 0.036580
14465.000000 0.033802
14460.000000 0.031236
14455.000000 0.028833
14450.000000 0.026710
14445.000000 0.024631
14440.000000 0.022675
14435.000000 0.020931
14430.000000 0.019217
14425.000000 0.017620
14420.000000 0.016261
14415.000000 0.014989
14410.000000 0.013751
14405.000000 0.012727
14400.000000 0.011768
14395.000000 0.010766
14390.000000 0.009864
14385.000000 0.009105
14380.000000 0.008488
14375.000000 0.007776
14370.000000 0.007120
14365.000000 0.006583
14360.000000 0.006086
14355.000000 0.005665
14350.000000 0.005178
14345.000000 0.004887
14340.000000 0.004607
14335.000000 0.004158
14330.000000 0.003913
14325.000000 0.003713
14320.000000 0.003368
14315.000000 0.003197
14310.000000 0.003005
14305.000000 0.002856
14300.000000 0.002682
14295.000000 0.002563
14290.000000 0.002348
14285.000000 0.002151
14280.000000 0.002074
14275.000000 0.001940
14270.000000 0.001763
14265.000000 0.001717
14260.000000 0.001663
14255.000000 0.001573
14250.000000 0.001510
14245.000000 0.001394
14240.000000 0.001340
14235.000000 0.001315
14230.000000 0.001155
14225.000000 0.001177
14220.000000 0.001091
14215.000000 0.000998
14210.000000 0.000972
14205.000000 0.000953
14200.000000 0.000933
14195.000000 0.000850
14190.000000 0.000851
14185.000000 0.000822
14180.000000 0.000822
14175.000000 0.000771
14170.000000 0.000780
14165.000000 0.000679
14160.000000 0.000670
14155.000000 0.000664
14150.000000 0.000645
14145.000000 0.000602
14140.000000 0.000431
14135.000000 0.000448
14130.000000 0.000560
14125.000000 0.000505
14120.000000 0.000491
14115.000000 0.000370
14110.000000 0.000445
14105.000000 0.000353
14100.000000 0.000367
14095.000000 0.000339
14090.000000 0.000407
14085.000000 0.000286
14080.000000 0.000288
14075.000000 0.000356
14070.000000 0.000230
14065.000000 0.000273
14060.000000 0.000255
14055.000000 0.000150
14050.000000 0.000193
14045.000000 0.000175
14040.000000 0.000146
14035.000000 0.000235
14030.000000 0.000236
14025.000000 0.000127
14020.000000 0.000189
14015.000000 0.000180
14010.000000 0.000081
14005.000000 0.000069
14000.000000 0.000148
13995.000000 0.000094
13990.000000 0.000104
13985.000000 0.000103
13980.000000 0.000087
13975.000000 0.000071
13970.000000 0.000118
13965.000000 0.000093
13960.000000 0.000044
13955.000000 -0.000019
13950.000000 -0.000004
13945.000000 0.000077
13940.000000 0.000039
13935.000000 0.000107
13930.000000 0.000037
13925.000000 0.000070
13920.000000 0.000057
13915.000000 0.000101
13910.000000 0.000086
13905.000000 0.000061
13900.000000 0.000059
13895.000000 0.000008
13890.000000 0.000009
13885.000000 0.000012
13880.000000 0.000056
13875.000000 -0.000001
13870.000000 0.000074
13865.000000 0.000031
13860.000000 0.000074
13855.000000 -0.000054
13850.000000 0.000016
13845.000000 0.000047
13840.000000 0.000085
13835.000000 0.000019
13830.000000 0.000037
13825.000000 -0.000060
13820.000000 -0.000000
13815.000000 -0.000015
13810.000000 -0.000040
13805.000000 0.000015
13800.000000 0.000015
13795.000000 -0.000047
13790.000000 -0.000025
13785.000000 0.000102
13780.000000 0.000027
13775.000000 -0.000034
13770.000000 0.000050
13765.000000 -0.000019
13760.000000 0.000116
13755.000000 0.000006
13750.000000 0.000033
13745.000000 0.000026
13740.000000 -0.000000
13735.000000 -0.000019
13730.000000 -0.000038
13725.000000 -0.000026
13720.000000 0.000025
13715.000000 0.000014
13710.000000 0.000003
13705.000000 0.000015
13700.000000 -0.000003
13695.000000 0.000032
13690.000000 0.000040
13685.000000 0.000038
13680.000000 0.000003
13675.000000 0.000004
13670.000000 -0.000011
13665.000000 0.000080
13660.000000 -0.000015
13655.000000 -0.000026
13650.000000 -0.000082
13645.000000 -0.000001
13640.000000 0.000027
13635.000000 0.000031
13630.000000 0.000025
13625.000000 0.000006
13620.000000 0.000051
13615.000000 0.000057
13610.000000 0.000045
13605.000000 0.000008
13600.000000 -0.000030
13595.000000 -0.000050
13590.000000 -0.000023
13585.000000 0.000062
13580.000000 0.000011
13575.000000 -0.000018
