# MOSFIRE_Ks
# energy
# MOSFIRE_KS-band filter https://www2.keck.hawaii.edu/inst/mosfire/filters.html
23960.000000 0.000224
23955.000000 0.000252
23950.000000 0.000254
23945.000000 0.000262
23940.000000 0.000325
23935.000000 0.000277
23930.000000 0.000351
23925.000000 0.000228
23920.000000 0.000282
23915.000000 0.000350
23910.000000 0.000278
23905.000000 0.000271
23900.000000 0.000368
23895.000000 0.000336
23890.000000 0.000329
23885.000000 0.000442
23880.000000 0.000412
23875.000000 0.000400
23870.000000 0.000487
23865.000000 0.000494
23860.000000 0.000459
23855.000000 0.000561
23850.000000 0.000461
23845.000000 0.000470
23840.000000 0.000566
23835.000000 0.000524
23830.000000 0.000519
23825.000000 0.000568
23820.000000 0.000612
23815.000000 0.000577
23810.000000 0.000618
23805.000000 0.000659
23800.000000 0.000722
23795.000000 0.000691
23790.000000 0.000756
23785.000000 0.000716
23780.000000 0.000669
23775.000000 0.000854
23770.000000 0.000867
23765.000000 0.000866
23760.000000 0.000776
23755.000000 0.000949
23750.000000 0.000833
23745.000000 0.000945
23740.000000 0.000966
23735.000000 0.001022
23730.000000 0.000859
23725.000000 0.000980
23720.000000 0.001077
23715.000000 0.001242
23710.000000 0.001244
23705.000000 0.001312
23700.000000 0.001285
23695.000000 0.001335
23690.000000 0.001464
23685.000000 0.001485
23680.000000 0.001585
23675.000000 0.001600
23670.000000 0.001637
23665.000000 0.001771
23660.000000 0.001820
23655.000000 0.001937
23650.000000 0.001846
23645.000000 0.001897
23640.000000 0.002097
23635.000000 0.002267
23630.000000 0.002300
23625.000000 0.002356
23620.000000 0.002472
23615.000000 0.002634
23610.000000 0.002669
23605.000000 0.002821
23600.000000 0.002948
23595.000000 0.003097
23590.000000 0.003198
23585.000000 0.003359
23580.000000 0.003437
23575.000000 0.003621
23570.000000 0.003814
23565.000000 0.003967
23560.000000 0.004116
23555.000000 0.004326
23550.000000 0.004424
23545.000000 0.004597
23540.000000 0.004871
23535.000000 0.005111
23530.000000 0.005342
23525.000000 0.005557
23520.000000 0.005756
23515.000000 0.006010
23510.000000 0.006262
23505.000000 0.006685
23500.000000 0.007002
23495.000000 0.007227
23490.000000 0.007544
23485.000000 0.008034
23480.000000 0.008297
23475.000000 0.008634
23470.000000 0.009048
23465.000000 0.009531
23460.000000 0.009963
23455.000000 0.010382
23450.000000 0.010938
23445.000000 0.011288
23440.000000 0.011956
23435.000000 0.012482
23430.000000 0.013026
23425.000000 0.013543
23420.000000 0.014295
23415.000000 0.014911
23410.000000 0.015453
23405.000000 0.016374
23400.000000 0.017092
23395.000000 0.017797
23390.000000 0.018653
23385.000000 0.019636
23380.000000 0.020532
23375.000000 0.021476
23370.000000 0.022423
23365.000000 0.023403
23360.000000 0.024567
23355.000000 0.025507
23350.000000 0.027036
23345.000000 0.028168
23340.000000 0.029308
23335.000000 0.030746
23330.000000 0.032016
23325.000000 0.033772
23320.000000 0.035297
23315.000000 0.036825
23310.000000 0.038509
23305.000000 0.040290
23300.000000 0.042118
23295.000000 0.044228
23290.000000 0.046249
23285.000000 0.048401
23280.000000 0.050615
23275.000000 0.052925
23270.000000 0.055224
23265.000000 0.057926
23260.000000 0.060762
23255.000000 0.063689
23250.000000 0.067030
23245.000000 0.069971
23240.000000 0.073114
23235.000000 0.076473
23230.000000 0.080313
23225.000000 0.084401
23220.000000 0.087946
23215.000000 0.092629
23210.000000 0.096798
23205.000000 0.101460
23200.000000 0.106261
23195.000000 0.111958
23190.000000 0.117941
23185.000000 0.123407
23180.000000 0.129710
23175.000000 0.135757
23170.000000 0.142110
23165.000000 0.150160
23160.000000 0.158273
23155.000000 0.165983
23150.000000 0.173426
23145.000000 0.181695
23140.000000 0.190497
23135.000000 0.200540
23130.000000 0.211336
23125.000000 0.222285
23120.000000 0.233500
23115.000000 0.244337
23110.000000 0.256132
23105.000000 0.269664
23100.000000 0.284291
23095.000000 0.299068
23090.000000 0.312671
23085.000000 0.328116
23080.000000 0.342740
23075.000000 0.359617
23070.000000 0.377706
23065.000000 0.396076
23060.000000 0.414740
23055.000000 0.432874
23050.000000 0.450964
23045.000000 0.470472
23040.000000 0.493639
23035.000000 0.515555
23030.000000 0.532241
23025.000000 0.555933
23020.000000 0.574713
23015.000000 0.596830
23010.000000 0.618429
23005.000000 0.641440
23000.000000 0.664664
22995.000000 0.682266
22990.000000 0.703041
22985.000000 0.724752
22980.000000 0.743216
22975.000000 0.765361
22970.000000 0.783986
22965.000000 0.800169
22960.000000 0.816131
22955.000000 0.830921
22950.000000 0.846862
22945.000000 0.860427
22940.000000 0.873839
22935.000000 0.886409
22930.000000 0.896791
22925.000000 0.906928
22920.000000 0.915971
22915.000000 0.924843
22910.000000 0.932890
22905.000000 0.939260
22900.000000 0.944539
22895.000000 0.949425
22890.000000 0.953617
22885.000000 0.957720
22880.000000 0.960897
22875.000000 0.963502
22870.000000 0.965851
22865.000000 0.966676
22860.000000 0.967548
22855.000000 0.968307
22850.000000 0.968913
22845.000000 0.969168
22840.000000 0.969398
22835.000000 0.968572
22830.000000 0.968034
22825.000000 0.967898
22820.000000 0.967268
22815.000000 0.966501
22810.000000 0.965441
22805.000000 0.964137
22800.000000 0.963287
22795.000000 0.962424
22790.000000 0.961524
22785.000000 0.960484
22780.000000 0.959224
22775.000000 0.958604
22770.000000 0.957481
22765.000000 0.957129
22760.000000 0.956268
22755.000000 0.955406
22750.000000 0.954581
22745.000000 0.954264
22740.000000 0.953340
22735.000000 0.953362
22730.000000 0.952686
22725.000000 0.951982
22720.000000 0.951601
22715.000000 0.951463
22710.000000 0.951544
22705.000000 0.951044
22700.000000 0.950646
22695.000000 0.950496
22690.000000 0.950539
22685.000000 0.950394
22680.000000 0.950729
22675.000000 0.950531
22670.000000 0.950447
22665.000000 0.950228
22660.000000 0.950602
22655.000000 0.950428
22650.000000 0.950326
22645.000000 0.950386
22640.000000 0.950227
22635.000000 0.950318
22630.000000 0.950146
22625.000000 0.950293
22620.000000 0.950066
22615.000000 0.950071
22610.000000 0.949998
22605.000000 0.950104
22600.000000 0.949914
22595.000000 0.949478
22590.000000 0.949528
22585.000000 0.949559
22580.000000 0.949076
22575.000000 0.949020
22570.000000 0.948715
22565.000000 0.948699
22560.000000 0.948652
22555.000000 0.948178
22550.000000 0.948192
22545.000000 0.947864
22540.000000 0.947562
22535.000000 0.947358
22530.000000 0.947355
22525.000000 0.946769
22520.000000 0.947013
22515.000000 0.946158
22510.000000 0.946132
22505.000000 0.946505
22500.000000 0.945787
22495.000000 0.945629
22490.000000 0.945302
22485.000000 0.945257
22480.000000 0.945138
22475.000000 0.945055
22470.000000 0.945415
22465.000000 0.944817
22460.000000 0.944855
22455.000000 0.945077
22450.000000 0.945195
22445.000000 0.945026
22440.000000 0.945263
22435.000000 0.945026
22430.000000 0.944919
22425.000000 0.945946
22420.000000 0.945308
22415.000000 0.945723
22410.000000 0.946007
22405.000000 0.946120
22400.000000 0.946761
22395.000000 0.946842
22390.000000 0.947488
22385.000000 0.947411
22380.000000 0.948042
22375.000000 0.948528
22370.000000 0.948691
22365.000000 0.949154
22360.000000 0.949276
22355.000000 0.949849
22350.000000 0.950584
22345.000000 0.951158
22340.000000 0.951505
22335.000000 0.952124
22330.000000 0.952244
22325.000000 0.952932
22320.000000 0.953180
22315.000000 0.954246
22310.000000 0.954613
22305.000000 0.954940
22300.000000 0.955649
22295.000000 0.955865
22290.000000 0.956343
22285.000000 0.956743
22280.000000 0.957326
22275.000000 0.958040
22270.000000 0.958422
22265.000000 0.958225
22260.000000 0.959002
22255.000000 0.959284
22250.000000 0.959427
22245.000000 0.960057
22240.000000 0.960310
22235.000000 0.960547
22230.000000 0.960906
22225.000000 0.961147
22220.000000 0.961314
22215.000000 0.961515
22210.000000 0.961392
22205.000000 0.961646
22200.000000 0.961846
22195.000000 0.961561
22190.000000 0.962123
22185.000000 0.962117
22180.000000 0.961704
22175.000000 0.961755
22170.000000 0.961687
22165.000000 0.961737
22160.000000 0.961344
22155.000000 0.961226
22150.000000 0.960889
22145.000000 0.960893
22140.000000 0.961213
22135.000000 0.960947
22130.000000 0.960386
22125.000000 0.959843
22120.000000 0.959809
22115.000000 0.959821
22110.000000 0.959554
22105.000000 0.958923
22100.000000 0.958800
22095.000000 0.958676
22090.000000 0.958274
22085.000000 0.957850
22080.000000 0.957442
22075.000000 0.957408
22070.000000 0.957329
22065.000000 0.956940
22060.000000 0.956600
22055.000000 0.956291
22050.000000 0.956166
22045.000000 0.955890
22040.000000 0.955638
22035.000000 0.955585
22030.000000 0.955326
22025.000000 0.955422
22020.000000 0.955302
22015.000000 0.954953
22010.000000 0.954851
22005.000000 0.954987
22000.000000 0.954719
21995.000000 0.955159
21990.000000 0.955029
21985.000000 0.954683
21980.000000 0.954835
21975.000000 0.954696
21970.000000 0.954852
21965.000000 0.955276
21960.000000 0.955229
21955.000000 0.954861
21950.000000 0.955374
21945.000000 0.955832
21940.000000 0.955724
21935.000000 0.955861
21930.000000 0.956252
21925.000000 0.956337
21920.000000 0.956462
21915.000000 0.957186
21910.000000 0.957091
21905.000000 0.957024
21900.000000 0.957379
21895.000000 0.957918
21890.000000 0.957589
21885.000000 0.958138
21880.000000 0.958197
21875.000000 0.958535
21870.000000 0.958935
21865.000000 0.959091
21860.000000 0.959080
21855.000000 0.959078
21850.000000 0.959411
21845.000000 0.959819
21840.000000 0.959924
21835.000000 0.959991
21830.000000 0.959932
21825.000000 0.960362
21820.000000 0.960655
21815.000000 0.960591
21810.000000 0.960462
21805.000000 0.960533
21800.000000 0.960372
21795.000000 0.960555
21790.000000 0.960383
21785.000000 0.960317
21780.000000 0.959926
21775.000000 0.960298
21770.000000 0.960111
21765.000000 0.960045
21760.000000 0.959768
21755.000000 0.959651
21750.000000 0.958531
21745.000000 0.958826
21740.000000 0.958802
21735.000000 0.958049
21730.000000 0.957798
21725.000000 0.957503
21720.000000 0.957326
21715.000000 0.956824
21710.000000 0.956342
21705.000000 0.955694
21700.000000 0.955252
21695.000000 0.954641
21690.000000 0.954698
21685.000000 0.953900
21680.000000 0.953171
21675.000000 0.952850
21670.000000 0.952506
21665.000000 0.951742
21660.000000 0.951608
21655.000000 0.950612
21650.000000 0.950134
21645.000000 0.949581
21640.000000 0.948647
21635.000000 0.948430
21630.000000 0.947842
21625.000000 0.947169
21620.000000 0.946894
21615.000000 0.946107
21610.000000 0.945883
21605.000000 0.945293
21600.000000 0.944574
21595.000000 0.944277
21590.000000 0.943446
21585.000000 0.942812
21580.000000 0.942405
21575.000000 0.941906
21570.000000 0.941789
21565.000000 0.941547
21560.000000 0.940959
21555.000000 0.940690
21550.000000 0.939480
21545.000000 0.939047
21540.000000 0.938937
21535.000000 0.938628
21530.000000 0.938189
21525.000000 0.937641
21520.000000 0.937315
21515.000000 0.937037
21510.000000 0.937016
21505.000000 0.936834
21500.000000 0.936036
21495.000000 0.935692
21490.000000 0.935380
21485.000000 0.935637
21480.000000 0.934798
21475.000000 0.934605
21470.000000 0.933984
21465.000000 0.934172
21460.000000 0.933947
21455.000000 0.933973
21450.000000 0.933578
21445.000000 0.933215
21440.000000 0.932776
21435.000000 0.932503
21430.000000 0.932039
21425.000000 0.931957
21420.000000 0.931847
21415.000000 0.931523
21410.000000 0.931378
21405.000000 0.931098
21400.000000 0.931160
21395.000000 0.930481
21390.000000 0.930011
21385.000000 0.929893
21380.000000 0.929962
21375.000000 0.929404
21370.000000 0.929334
21365.000000 0.929140
21360.000000 0.928958
21355.000000 0.928846
21350.000000 0.928334
21345.000000 0.928197
21340.000000 0.927805
21335.000000 0.927482
21330.000000 0.927342
21325.000000 0.927097
21320.000000 0.927050
21315.000000 0.926847
21310.000000 0.926458
21305.000000 0.926371
21300.000000 0.925981
21295.000000 0.925971
21290.000000 0.925692
21285.000000 0.925577
21280.000000 0.925517
21275.000000 0.925317
21270.000000 0.924833
21265.000000 0.924808
21260.000000 0.925050
21255.000000 0.924848
21250.000000 0.924965
21245.000000 0.924857
21240.000000 0.924784
21235.000000 0.925061
21230.000000 0.924968
21225.000000 0.925067
21220.000000 0.924766
21215.000000 0.924972
21210.000000 0.925337
21205.000000 0.925530
21200.000000 0.925928
21195.000000 0.925977
21190.000000 0.925763
21185.000000 0.925965
21180.000000 0.926388
21175.000000 0.926687
21170.000000 0.926963
21165.000000 0.926989
21160.000000 0.927546
21155.000000 0.928032
21150.000000 0.928260
21145.000000 0.928746
21140.000000 0.929295
21135.000000 0.929474
21130.000000 0.929605
21125.000000 0.930207
21120.000000 0.930835
21115.000000 0.930897
21110.000000 0.931250
21105.000000 0.931861
21100.000000 0.932360
21095.000000 0.933013
21090.000000 0.933433
21085.000000 0.933751
21080.000000 0.933631
21075.000000 0.934659
21070.000000 0.934769
21065.000000 0.935355
21060.000000 0.935535
21055.000000 0.936027
21050.000000 0.936801
21045.000000 0.936725
21040.000000 0.936953
21035.000000 0.937552
21030.000000 0.937904
21025.000000 0.938004
21020.000000 0.937780
21015.000000 0.938382
21010.000000 0.938703
21005.000000 0.938998
21000.000000 0.939073
20995.000000 0.939157
20990.000000 0.939220
20985.000000 0.939654
20980.000000 0.939519
20975.000000 0.939620
20970.000000 0.939492
20965.000000 0.939698
20960.000000 0.939571
20955.000000 0.939927
20950.000000 0.939763
20945.000000 0.939625
20940.000000 0.939655
20935.000000 0.939608
20930.000000 0.939611
20925.000000 0.939203
20920.000000 0.939048
20915.000000 0.938963
20910.000000 0.938893
20905.000000 0.938883
20900.000000 0.938846
20895.000000 0.938721
20890.000000 0.938823
20885.000000 0.938258
20880.000000 0.937790
20875.000000 0.937974
20870.000000 0.937855
20865.000000 0.937969
20860.000000 0.937407
20855.000000 0.937211
20850.000000 0.936954
20845.000000 0.937162
20840.000000 0.937096
20835.000000 0.937354
20830.000000 0.936982
20825.000000 0.936692
20820.000000 0.936917
20815.000000 0.936680
20810.000000 0.936884
20805.000000 0.936684
20800.000000 0.936810
20795.000000 0.936708
20790.000000 0.937169
20785.000000 0.936814
20780.000000 0.937118
20775.000000 0.937222
20770.000000 0.937208
20765.000000 0.937451
20760.000000 0.937298
20755.000000 0.937900
20750.000000 0.938021
20745.000000 0.938265
20740.000000 0.938280
20735.000000 0.938749
20730.000000 0.939145
20725.000000 0.939465
20720.000000 0.939519
20715.000000 0.939761
20710.000000 0.939895
20705.000000 0.940442
20700.000000 0.940655
20695.000000 0.941145
20690.000000 0.941554
20685.000000 0.941748
20680.000000 0.941906
20675.000000 0.942812
20670.000000 0.943232
20665.000000 0.943512
20660.000000 0.943641
20655.000000 0.944487
20650.000000 0.944490
20645.000000 0.945194
20640.000000 0.945763
20635.000000 0.946229
20630.000000 0.946599
20625.000000 0.947273
20620.000000 0.947512
20615.000000 0.948055
20610.000000 0.948704
20605.000000 0.948865
20600.000000 0.949567
20595.000000 0.950181
20590.000000 0.950284
20585.000000 0.951394
20580.000000 0.951807
20575.000000 0.952194
20570.000000 0.952718
20565.000000 0.952856
20560.000000 0.953785
20555.000000 0.954218
20550.000000 0.954256
20545.000000 0.954903
20540.000000 0.955682
20535.000000 0.956123
20530.000000 0.956301
20525.000000 0.956920
20520.000000 0.957631
20515.000000 0.957813
20510.000000 0.957969
20505.000000 0.958527
20500.000000 0.958800
20495.000000 0.959365
20490.000000 0.959312
20485.000000 0.959602
20480.000000 0.959927
20475.000000 0.960145
20470.000000 0.960182
20465.000000 0.960296
20460.000000 0.960392
20455.000000 0.960373
20450.000000 0.960526
20445.000000 0.960583
20440.000000 0.960358
20435.000000 0.960022
20430.000000 0.959907
20425.000000 0.960022
20420.000000 0.959579
20415.000000 0.959271
20410.000000 0.958776
20405.000000 0.958391
20400.000000 0.957875
20395.000000 0.957469
20390.000000 0.957258
20385.000000 0.956579
20380.000000 0.955959
20375.000000 0.955375
20370.000000 0.954534
20365.000000 0.953553
20360.000000 0.953075
20355.000000 0.952333
20350.000000 0.951213
20345.000000 0.950211
20340.000000 0.949382
20335.000000 0.948434
20330.000000 0.947706
20325.000000 0.946791
20320.000000 0.945602
20315.000000 0.944689
20310.000000 0.943594
20305.000000 0.942398
20300.000000 0.941216
20295.000000 0.940794
20290.000000 0.939414
20285.000000 0.938539
20280.000000 0.937480
20275.000000 0.936078
20270.000000 0.935403
20265.000000 0.934375
20260.000000 0.933304
20255.000000 0.932058
20250.000000 0.931293
20245.000000 0.930218
20240.000000 0.929168
20235.000000 0.927881
20230.000000 0.926867
20225.000000 0.925962
20220.000000 0.924921
20215.000000 0.924471
20210.000000 0.922783
20205.000000 0.921654
20200.000000 0.920475
20195.000000 0.919000
20190.000000 0.918256
20185.000000 0.916879
20180.000000 0.915706
20175.000000 0.914193
20170.000000 0.912836
20165.000000 0.911428
20160.000000 0.910207
20155.000000 0.908310
20150.000000 0.906477
20145.000000 0.904614
20140.000000 0.902542
20135.000000 0.900903
20130.000000 0.898782
20125.000000 0.896333
20120.000000 0.893577
20115.000000 0.891317
20110.000000 0.888597
20105.000000 0.885090
20100.000000 0.882192
20095.000000 0.879045
20090.000000 0.875916
20085.000000 0.872231
20080.000000 0.868099
20075.000000 0.863432
20070.000000 0.859251
20065.000000 0.854829
20060.000000 0.849879
20055.000000 0.845016
20050.000000 0.839050
20045.000000 0.832799
20040.000000 0.827005
20035.000000 0.820729
20030.000000 0.813790
20025.000000 0.806704
20020.000000 0.799010
20015.000000 0.790022
20010.000000 0.782001
20005.000000 0.772657
20000.000000 0.763691
19995.000000 0.753960
19990.000000 0.743556
19985.000000 0.731697
19980.000000 0.720103
19975.000000 0.708968
19970.000000 0.695226
19965.000000 0.683702
19960.000000 0.670222
19955.000000 0.656209
19950.000000 0.641786
19945.000000 0.624827
19940.000000 0.609650
19935.000000 0.593613
19930.000000 0.577854
19925.000000 0.561603
19920.000000 0.542914
19915.000000 0.524881
19910.000000 0.508022
19905.000000 0.491067
19900.000000 0.473854
19895.000000 0.457145
19890.000000 0.438242
19885.000000 0.419044
19880.000000 0.401360
19875.000000 0.384193
19870.000000 0.367527
19865.000000 0.350451
19860.000000 0.333397
19855.000000 0.315540
19850.000000 0.299911
19845.000000 0.285821
19840.000000 0.271090
19835.000000 0.257308
19830.000000 0.242833
19825.000000 0.227949
19820.000000 0.215397
19815.000000 0.202426
19810.000000 0.192106
19805.000000 0.181419
19800.000000 0.170678
19795.000000 0.159476
19790.000000 0.149632
19785.000000 0.141815
19780.000000 0.132498
19775.000000 0.125335
19770.000000 0.117882
19765.000000 0.110967
19760.000000 0.103278
19755.000000 0.096790
19750.000000 0.092004
19745.000000 0.086049
19740.000000 0.080551
19735.000000 0.075703
19730.000000 0.070802
19725.000000 0.066103
19720.000000 0.062537
19715.000000 0.059213
19710.000000 0.055635
19705.000000 0.052220
19700.000000 0.048977
19695.000000 0.046111
19690.000000 0.043279
19685.000000 0.040902
19680.000000 0.038559
19675.000000 0.036410
19670.000000 0.034253
19665.000000 0.032009
19660.000000 0.030130
19655.000000 0.028565
19650.000000 0.027109
19645.000000 0.025448
19640.000000 0.024018
19635.000000 0.022516
19630.000000 0.021434
19625.000000 0.020305
19620.000000 0.019254
19615.000000 0.018132
19610.000000 0.017026
19605.000000 0.016214
19600.000000 0.015260
19595.000000 0.014566
19590.000000 0.013768
19585.000000 0.013059
19580.000000 0.012307
19575.000000 0.011861
19570.000000 0.011105
19565.000000 0.010391
19560.000000 0.009946
19555.000000 0.009657
19550.000000 0.009062
19545.000000 0.008523
19540.000000 0.008073
19535.000000 0.007738
19530.000000 0.007336
19525.000000 0.007018
19520.000000 0.006672
19515.000000 0.006243
19510.000000 0.006023
19505.000000 0.005790
19500.000000 0.005321
19495.000000 0.005177
19490.000000 0.005034
19485.000000 0.004803
19480.000000 0.004503
19475.000000 0.004339
19470.000000 0.004102
19465.000000 0.003909
19460.000000 0.003734
19455.000000 0.003576
19450.000000 0.003395
19445.000000 0.003157
19440.000000 0.003342
19435.000000 0.002944
19430.000000 0.002907
19425.000000 0.002791
19420.000000 0.002606
19415.000000 0.002594
19410.000000 0.002463
19405.000000 0.002259
19400.000000 0.002215
19395.000000 0.002108
19390.000000 0.002142
19385.000000 0.002066
19380.000000 0.001940
19375.000000 0.001736
19370.000000 0.001704
19365.000000 0.001601
19360.000000 0.001647
19355.000000 0.001600
19350.000000 0.001442
19345.000000 0.001422
19340.000000 0.001383
19335.000000 0.001432
19330.000000 0.001241
19325.000000 0.001177
19320.000000 0.001136
19315.000000 0.000970
19310.000000 0.001091
19305.000000 0.001106
19300.000000 0.000933
19295.000000 0.000965
19290.000000 0.000902
19285.000000 0.000957
19280.000000 0.000843
19275.000000 0.000905
19270.000000 0.000888
19265.000000 0.000753
19260.000000 0.000762
19255.000000 0.000615
19250.000000 0.000717
19245.000000 0.000637
19240.000000 0.000703
19235.000000 0.000613
19230.000000 0.000664
19225.000000 0.000555
19220.000000 0.000618
19215.000000 0.000514
19210.000000 0.000386
19205.000000 0.000488
19200.000000 0.000492
19195.000000 0.000367
19190.000000 0.000355
19185.000000 0.000414
19180.000000 0.000325
19175.000000 0.000420
19170.000000 0.000418
19165.000000 0.000534
19160.000000 0.000273
19155.000000 0.000292
19150.000000 0.000315
19145.000000 0.000319
19140.000000 0.000331
19135.000000 0.000287
19130.000000 0.000426
19125.000000 0.000316
19120.000000 0.000093
19115.000000 0.000239
19110.000000 0.000464
19105.000000 0.000230
19100.000000 0.000192
19095.000000 0.000169
19090.000000 0.000150
19085.000000 0.000239
19080.000000 0.000164
19075.000000 0.000222
19070.000000 0.000140
19065.000000 0.000172
19060.000000 0.000204
19055.000000 0.000229
19050.000000 0.000275
19045.000000 0.000093
19040.000000 0.000272
19035.000000 0.000203
19030.000000 -0.000014
19025.000000 0.000090
19020.000000 0.000145
19015.000000 0.000013
19010.000000 0.000114
19005.000000 0.000151
19000.000000 0.000069
18995.000000 0.000058
18990.000000 0.000112
18985.000000 0.000069
18980.000000 0.000186
18975.000000 -0.000012
18970.000000 0.000043
18965.000000 -0.000023
18960.000000 0.000076
