# MOSFIRE_Y
# energy
# MOSFIRE_Y-band filter https://www2.keck.hawaii.edu/inst/mosfire/filters.html
8998.000000 0.000037
9000.500000 0.000000
9003.000000 0.000000
9005.500000 0.000850
9008.000000 0.001318
9010.500000 0.002072
9013.000000 0.001534
9015.500000 0.000114
9018.000000 0.000578
9020.500000 0.001693
9023.000000 0.001120
9025.500000 0.000213
9028.000000 0.000067
9030.500000 0.000000
9033.000000 0.000000
9035.500000 0.000000
9038.000000 0.000366
9040.500000 0.000977
9043.000000 0.000552
9045.500000 0.000860
9048.000000 0.001107
9050.500000 0.000529
9053.000000 0.000624
9055.500000 0.000446
9058.000000 0.000000
9060.500000 0.000501
9063.000000 0.001366
9065.500000 0.000810
9068.000000 0.000000
9070.500000 0.000758
9073.000000 0.000894
9075.500000 0.000042
9078.000000 0.000228
9080.500000 0.000386
9083.000000 0.000000
9085.500000 0.000442
9088.000000 0.001735
9090.500000 0.001192
9093.000000 0.000000
9095.500000 0.000000
9098.000000 0.000000
9100.500000 0.000000
9103.000000 0.000000
9105.500000 0.000117
9108.000000 0.000000
9110.500000 0.000000
9113.000000 0.000000
9115.500000 0.000000
9118.000000 0.000000
9120.500000 0.000691
9123.000000 0.000818
9125.500000 0.000002
9128.000000 0.000000
9130.500000 0.000382
9133.000000 0.000205
9135.500000 0.000000
9138.000000 0.000035
9140.500000 0.000153
9143.000000 0.000000
9145.500000 0.000013
9148.000000 0.001262
9150.500000 0.000705
9153.000000 0.000000
9155.500000 0.000208
9158.000000 0.000000
9160.500000 0.000000
9163.000000 0.000155
9165.500000 0.000457
9168.000000 0.000000
9170.500000 0.000000
9173.000000 0.000743
9175.500000 0.000637
9178.000000 0.000407
9180.500000 0.000558
9183.000000 0.000000
9185.500000 0.000000
9188.000000 0.000000
9190.500000 0.000000
9193.000000 0.000000
9195.500000 0.000094
9198.000000 0.000633
9200.500000 0.000000
9203.000000 0.000000
9205.500000 0.000000
9208.000000 0.000000
9210.500000 0.000000
9213.000000 0.000191
9215.500000 0.000000
9218.000000 0.000000
9220.500000 0.000295
9223.000000 0.000497
9225.500000 0.000223
9228.000000 0.000404
9230.500000 0.000606
9233.000000 0.000157
9235.500000 0.000000
9238.000000 0.000000
9240.500000 0.000000
9243.000000 0.000000
9245.500000 0.000000
9248.000000 0.000140
9250.500000 0.000000
9253.000000 0.000000
9255.500000 0.000020
9258.000000 0.000112
9260.500000 0.000000
9263.000000 0.000177
9265.500000 0.000165
9268.000000 0.000000
9270.500000 0.000536
9273.000000 0.000704
9275.500000 0.000113
9278.000000 0.000130
9280.500000 0.000203
9283.000000 0.000000
9285.500000 0.000000
9288.000000 0.000000
9290.500000 0.000051
9293.000000 0.000000
9295.500000 0.000000
9298.000000 0.000000
9300.500000 0.000038
9303.000000 0.000050
9305.500000 0.000434
9308.000000 0.000145
9310.500000 0.000000
9313.000000 0.000717
9315.500000 0.000805
9318.000000 0.000000
9320.500000 0.000000
9323.000000 0.000455
9325.500000 0.000524
9328.000000 0.000511
9330.500000 0.000413
9333.000000 0.000000
9335.500000 0.000000
9338.000000 0.000436
9340.500000 0.000778
9343.000000 0.000227
9345.500000 0.000192
9348.000000 0.000676
9350.500000 0.000533
9353.000000 0.000233
9355.500000 0.000506
9358.000000 0.000431
9360.500000 0.000035
9363.000000 0.000474
9365.500000 0.000889
9368.000000 0.000490
9370.500000 0.000471
9373.000000 0.000794
9375.500000 0.000512
9378.000000 0.000216
9380.500000 0.000402
9383.000000 0.000406
9385.500000 0.000445
9388.000000 0.000900
9390.500000 0.001105
9393.000000 0.001138
9395.500000 0.001221
9398.000000 0.000927
9400.500000 0.000235
9403.000000 0.000217
9405.500000 0.000917
9408.000000 0.000959
9410.500000 0.000830
9413.000000 0.000948
9415.500000 0.000570
9418.000000 0.000438
9420.500000 0.001019
9423.000000 0.001260
9425.500000 0.001100
9428.000000 0.001138
9430.500000 0.001111
9433.000000 0.000969
9435.500000 0.001336
9438.000000 0.001912
9440.500000 0.001809
9443.000000 0.001476
9445.500000 0.001452
9448.000000 0.001311
9450.500000 0.001115
9453.000000 0.001470
9455.500000 0.001711
9458.000000 0.001399
9460.500000 0.001456
9463.000000 0.001676
9465.500000 0.001596
9468.000000 0.002001
9470.500000 0.002630
9473.000000 0.002464
9475.500000 0.002090
9478.000000 0.002238
9480.500000 0.002425
9483.000000 0.002346
9485.500000 0.002608
9488.000000 0.003248
9490.500000 0.003373
9493.000000 0.003420
9495.500000 0.003826
9498.000000 0.003791
9500.500000 0.003790
9503.000000 0.004310
9505.500000 0.004384
9508.000000 0.004162
9510.500000 0.004555
9513.000000 0.004731
9515.500000 0.004579
9518.000000 0.005494
9520.500000 0.006382
9523.000000 0.006065
9525.500000 0.006030
9528.000000 0.006500
9530.500000 0.006684
9533.000000 0.006918
9535.500000 0.007529
9538.000000 0.008130
9540.500000 0.008233
9543.000000 0.008499
9545.500000 0.009280
9548.000000 0.009854
9550.500000 0.010549
9553.000000 0.011533
9555.500000 0.011766
9558.000000 0.011713
9560.500000 0.012582
9563.000000 0.013610
9565.500000 0.014501
9568.000000 0.015953
9570.500000 0.016928
9573.000000 0.017331
9575.500000 0.018168
9578.000000 0.019324
9580.500000 0.020585
9583.000000 0.021942
9585.500000 0.023373
9588.000000 0.024592
9590.500000 0.025758
9593.000000 0.027528
9595.500000 0.029362
9598.000000 0.030888
9600.500000 0.032871
9603.000000 0.035171
9605.500000 0.037142
9608.000000 0.039241
9610.500000 0.042029
9613.000000 0.044997
9615.500000 0.047986
9618.000000 0.051484
9620.500000 0.054887
9623.000000 0.057929
9625.500000 0.061724
9628.000000 0.065868
9630.500000 0.069812
9633.000000 0.074444
9635.500000 0.079373
9638.000000 0.084302
9640.500000 0.090248
9643.000000 0.096587
9645.500000 0.102460
9648.000000 0.109074
9650.500000 0.116388
9653.000000 0.123702
9655.500000 0.131546
9658.000000 0.140344
9660.500000 0.149566
9663.000000 0.158682
9665.500000 0.168116
9668.000000 0.178504
9670.500000 0.189316
9673.000000 0.200658
9675.500000 0.213166
9678.000000 0.226310
9680.500000 0.239242
9683.000000 0.253234
9685.500000 0.268074
9688.000000 0.282914
9690.500000 0.298072
9693.000000 0.314078
9695.500000 0.330190
9698.000000 0.346726
9700.500000 0.364322
9703.000000 0.382342
9705.500000 0.400786
9708.000000 0.419760
9710.500000 0.437674
9713.000000 0.455376
9715.500000 0.473396
9718.000000 0.491840
9720.500000 0.509966
9723.000000 0.527880
9725.500000 0.546324
9728.000000 0.564556
9730.500000 0.582788
9733.000000 0.600490
9735.500000 0.616920
9738.000000 0.632290
9740.500000 0.647554
9743.000000 0.662500
9745.500000 0.676598
9748.000000 0.690060
9750.500000 0.703098
9753.000000 0.715606
9755.500000 0.726842
9758.000000 0.737760
9760.500000 0.748572
9763.000000 0.758536
9765.500000 0.767970
9768.000000 0.777404
9770.500000 0.786308
9773.000000 0.794258
9775.500000 0.801890
9778.000000 0.808674
9780.500000 0.814398
9783.000000 0.820334
9785.500000 0.826164
9788.000000 0.831040
9790.500000 0.835492
9793.000000 0.839838
9795.500000 0.843548
9798.000000 0.846304
9800.500000 0.848636
9803.000000 0.851922
9805.500000 0.855526
9808.000000 0.858388
9810.500000 0.860720
9813.000000 0.862204
9815.500000 0.863264
9818.000000 0.864324
9820.500000 0.865384
9823.000000 0.866762
9825.500000 0.868564
9828.000000 0.870896
9830.500000 0.872486
9833.000000 0.873652
9835.500000 0.874924
9838.000000 0.875560
9840.500000 0.875560
9843.000000 0.876090
9845.500000 0.875878
9848.000000 0.874924
9850.500000 0.875030
9853.000000 0.875136
9855.500000 0.874182
9858.000000 0.873228
9860.500000 0.873546
9863.000000 0.873228
9865.500000 0.872804
9868.000000 0.873652
9870.500000 0.873970
9873.000000 0.873546
9875.500000 0.873122
9878.000000 0.872486
9880.500000 0.871108
9883.000000 0.870472
9885.500000 0.871744
9888.000000 0.872274
9890.500000 0.871320
9893.000000 0.870578
9895.500000 0.869518
9898.000000 0.868564
9900.500000 0.868776
9903.000000 0.869200
9905.500000 0.869412
9908.000000 0.870366
9910.500000 0.871214
9913.000000 0.871214
9915.500000 0.871956
9918.000000 0.873016
9920.500000 0.872910
9923.000000 0.872592
9925.500000 0.873334
9928.000000 0.873864
9930.500000 0.874712
9933.000000 0.877044
9935.500000 0.879482
9938.000000 0.880648
9940.500000 0.881708
9943.000000 0.883404
9945.500000 0.884146
9948.000000 0.885524
9950.500000 0.888280
9953.000000 0.889340
9955.500000 0.889340
9958.000000 0.891036
9960.500000 0.893686
9963.000000 0.895806
9965.500000 0.897820
9968.000000 0.899304
9970.500000 0.899516
9973.000000 0.900152
9975.500000 0.902484
9978.000000 0.905346
9980.500000 0.907360
9983.000000 0.909586
9985.500000 0.911706
9988.000000 0.912448
9990.500000 0.913614
9993.000000 0.915734
9995.500000 0.916794
9998.000000 0.917536
10000.500000 0.919126
10003.000000 0.920186
10005.500000 0.920716
10008.000000 0.921988
10010.500000 0.923790
10013.000000 0.924956
10015.500000 0.925274
10018.000000 0.926122
10020.500000 0.927076
10023.000000 0.927394
10025.500000 0.928666
10028.000000 0.931104
10030.500000 0.932376
10033.000000 0.932482
10035.500000 0.933436
10038.000000 0.934496
10040.500000 0.935344
10043.000000 0.936510
10045.500000 0.937040
10048.000000 0.937994
10050.500000 0.939584
10053.000000 0.940538
10055.500000 0.940856
10058.000000 0.940538
10060.500000 0.939054
10063.000000 0.937358
10065.500000 0.937146
10068.000000 0.937570
10070.500000 0.937782
10073.000000 0.938206
10075.500000 0.938736
10078.000000 0.938736
10080.500000 0.938312
10083.000000 0.937888
10085.500000 0.937782
10088.000000 0.937994
10090.500000 0.937464
10093.000000 0.937676
10095.500000 0.938206
10098.000000 0.938842
10100.500000 0.940432
10103.000000 0.941280
10105.500000 0.940750
10108.000000 0.940326
10110.500000 0.940220
10113.000000 0.940326
10115.500000 0.940432
10118.000000 0.940750
10120.500000 0.941386
10123.000000 0.942234
10125.500000 0.942552
10128.000000 0.942128
10130.500000 0.942128
10133.000000 0.942764
10135.500000 0.943188
10138.000000 0.943294
10140.500000 0.943188
10143.000000 0.943506
10145.500000 0.943930
10148.000000 0.944142
10150.500000 0.944566
10153.000000 0.944248
10155.500000 0.943188
10158.000000 0.942446
10160.500000 0.942658
10163.000000 0.943188
10165.500000 0.944036
10168.000000 0.945944
10170.500000 0.947004
10173.000000 0.946792
10175.500000 0.946792
10178.000000 0.946686
10180.500000 0.946474
10183.000000 0.946792
10185.500000 0.947216
10188.000000 0.948170
10190.500000 0.949124
10193.000000 0.948912
10195.500000 0.949018
10198.000000 0.949548
10200.500000 0.949124
10203.000000 0.948594
10205.500000 0.949018
10208.000000 0.948700
10210.500000 0.948382
10213.000000 0.948064
10215.500000 0.947216
10218.000000 0.947322
10220.500000 0.947852
10223.000000 0.947428
10225.500000 0.947110
10228.000000 0.946792
10230.500000 0.946368
10233.000000 0.946792
10235.500000 0.946898
10238.000000 0.945414
10240.500000 0.944884
10243.000000 0.944672
10245.500000 0.943400
10248.000000 0.942658
10250.500000 0.941704
10253.000000 0.940114
10255.500000 0.939372
10258.000000 0.939478
10260.500000 0.938948
10263.000000 0.938524
10265.500000 0.937570
10268.000000 0.935344
10270.500000 0.934072
10273.000000 0.933542
10275.500000 0.933012
10278.000000 0.932376
10280.500000 0.930786
10283.000000 0.928030
10285.500000 0.926546
10288.000000 0.926440
10290.500000 0.924744
10293.000000 0.922730
10295.500000 0.921988
10298.000000 0.921034
10300.500000 0.919656
10303.000000 0.918066
10305.500000 0.916900
10308.000000 0.915310
10310.500000 0.913190
10313.000000 0.911706
10315.500000 0.910646
10318.000000 0.909162
10320.500000 0.908420
10323.000000 0.907890
10325.500000 0.905876
10328.000000 0.904074
10330.500000 0.903438
10333.000000 0.901954
10335.500000 0.899728
10338.000000 0.898138
10340.500000 0.897396
10343.000000 0.897184
10345.500000 0.897820
10348.000000 0.898138
10350.500000 0.896336
10353.000000 0.894534
10355.500000 0.894110
10358.000000 0.893792
10360.500000 0.892732
10363.000000 0.892308
10365.500000 0.892626
10368.000000 0.891884
10370.500000 0.890718
10373.000000 0.891142
10375.500000 0.892308
10378.000000 0.893262
10380.500000 0.894534
10383.000000 0.895700
10385.500000 0.895488
10388.000000 0.895806
10390.500000 0.897396
10393.000000 0.897290
10395.500000 0.896230
10398.000000 0.896866
10400.500000 0.898668
10403.000000 0.900046
10405.500000 0.901848
10408.000000 0.903862
10410.500000 0.904392
10413.000000 0.904604
10415.500000 0.905876
10418.000000 0.907360
10420.500000 0.909056
10423.000000 0.911070
10425.500000 0.913296
10428.000000 0.914038
10430.500000 0.914462
10433.000000 0.916476
10435.500000 0.918172
10438.000000 0.919444
10440.500000 0.921458
10443.000000 0.922730
10445.500000 0.923578
10448.000000 0.924850
10450.500000 0.926864
10453.000000 0.928030
10455.500000 0.928666
10458.000000 0.930786
10460.500000 0.932800
10463.000000 0.932270
10465.500000 0.932376
10468.000000 0.934390
10470.500000 0.935768
10473.000000 0.936192
10475.500000 0.936934
10478.000000 0.936934
10480.500000 0.935980
10483.000000 0.936828
10485.500000 0.938630
10488.000000 0.938842
10490.500000 0.938948
10493.000000 0.939690
10495.500000 0.939160
10498.000000 0.937570
10500.500000 0.936828
10503.000000 0.937146
10505.500000 0.936722
10508.000000 0.936510
10510.500000 0.937888
10513.000000 0.937994
10515.500000 0.937040
10518.000000 0.936934
10520.500000 0.935662
10523.000000 0.932482
10525.500000 0.930892
10528.000000 0.930892
10530.500000 0.930362
10533.000000 0.930468
10535.500000 0.930786
10538.000000 0.929514
10540.500000 0.927712
10543.000000 0.926864
10545.500000 0.926440
10548.000000 0.925062
10550.500000 0.924108
10553.000000 0.923684
10555.500000 0.922942
10558.000000 0.922412
10560.500000 0.922200
10563.000000 0.921776
10565.500000 0.921034
10568.000000 0.920928
10570.500000 0.921458
10573.000000 0.921034
10575.500000 0.920716
10578.000000 0.920822
10580.500000 0.920080
10583.000000 0.919656
10585.500000 0.921458
10588.000000 0.922836
10590.500000 0.922412
10593.000000 0.923578
10595.500000 0.925804
10598.000000 0.926334
10600.500000 0.926334
10603.000000 0.927606
10605.500000 0.928666
10608.000000 0.928454
10610.500000 0.929196
10613.000000 0.930362
10615.500000 0.930468
10618.000000 0.931316
10620.500000 0.933224
10623.000000 0.934920
10625.500000 0.937040
10628.000000 0.939584
10630.500000 0.940750
10633.000000 0.940962
10635.500000 0.941492
10638.000000 0.941810
10640.500000 0.942976
10643.000000 0.944778
10645.500000 0.945838
10648.000000 0.945520
10650.500000 0.944990
10653.000000 0.945944
10655.500000 0.946792
10658.000000 0.947004
10660.500000 0.947958
10663.000000 0.949018
10665.500000 0.949230
10668.000000 0.948806
10670.500000 0.948382
10673.000000 0.947640
10675.500000 0.947322
10678.000000 0.947534
10680.500000 0.947004
10683.000000 0.945308
10685.500000 0.944566
10688.000000 0.944460
10690.500000 0.942870
10693.000000 0.940644
10695.500000 0.939584
10698.000000 0.937888
10700.500000 0.935132
10703.000000 0.933860
10705.500000 0.933436
10708.000000 0.931210
10710.500000 0.929302
10713.000000 0.928348
10715.500000 0.926334
10718.000000 0.923578
10720.500000 0.921988
10723.000000 0.920398
10725.500000 0.917324
10728.000000 0.915310
10730.500000 0.913826
10733.000000 0.911282
10735.500000 0.909268
10738.000000 0.907890
10740.500000 0.905982
10743.000000 0.904074
10745.500000 0.902484
10748.000000 0.899728
10750.500000 0.896548
10753.000000 0.894852
10755.500000 0.893580
10758.000000 0.891248
10760.500000 0.888916
10763.000000 0.888068
10765.500000 0.886478
10768.000000 0.884252
10770.500000 0.883722
10773.000000 0.882874
10775.500000 0.881390
10778.000000 0.881496
10780.500000 0.882450
10783.000000 0.881920
10785.500000 0.880648
10788.000000 0.880118
10790.500000 0.879058
10793.000000 0.878422
10795.500000 0.879058
10798.000000 0.879376
10800.500000 0.878422
10803.000000 0.878316
10805.500000 0.879588
10808.000000 0.880436
10810.500000 0.881390
10813.000000 0.883616
10815.500000 0.884782
10818.000000 0.885206
10820.500000 0.886690
10823.000000 0.888068
10825.500000 0.888704
10828.000000 0.890188
10830.500000 0.892732
10833.000000 0.894428
10835.500000 0.895064
10838.000000 0.896866
10840.500000 0.899622
10843.000000 0.901318
10845.500000 0.903120
10848.000000 0.904816
10850.500000 0.905452
10853.000000 0.906830
10855.500000 0.909692
10858.000000 0.911388
10860.500000 0.912872
10863.000000 0.915522
10865.500000 0.917112
10868.000000 0.917854
10870.500000 0.919550
10873.000000 0.921564
10875.500000 0.923154
10878.000000 0.924744
10880.500000 0.926334
10883.000000 0.926758
10885.500000 0.926864
10888.000000 0.928348
10890.500000 0.929408
10893.000000 0.929832
10895.500000 0.930998
10898.000000 0.931740
10900.500000 0.931740
10903.000000 0.932906
10905.500000 0.934708
10908.000000 0.935026
10910.500000 0.934496
10913.000000 0.934814
10915.500000 0.934708
10918.000000 0.933542
10920.500000 0.933118
10923.000000 0.932694
10925.500000 0.931740
10928.000000 0.931846
10930.500000 0.932376
10933.000000 0.930998
10935.500000 0.929620
10938.000000 0.929302
10940.500000 0.928560
10943.000000 0.927924
10945.500000 0.928136
10948.000000 0.928030
10950.500000 0.926864
10953.000000 0.925910
10955.500000 0.924744
10958.000000 0.921988
10960.500000 0.919762
10963.000000 0.918808
10965.500000 0.916900
10968.000000 0.915522
10970.500000 0.915098
10973.000000 0.913932
10975.500000 0.912872
10978.000000 0.912130
10980.500000 0.911070
10983.000000 0.909586
10985.500000 0.909374
10988.000000 0.909586
10990.500000 0.908208
10993.000000 0.906830
10995.500000 0.907254
10998.000000 0.907572
11000.500000 0.907466
11003.000000 0.908314
11005.500000 0.908844
11008.000000 0.908632
11010.500000 0.908844
11013.000000 0.909586
11015.500000 0.909904
11018.000000 0.908950
11020.500000 0.907890
11023.000000 0.908208
11025.500000 0.909374
11028.000000 0.910010
11030.500000 0.910116
11033.000000 0.910328
11035.500000 0.910964
11038.000000 0.912024
11040.500000 0.912978
11043.000000 0.914356
11045.500000 0.916158
11048.000000 0.916794
11050.500000 0.916476
11053.000000 0.917642
11055.500000 0.919444
11058.000000 0.920504
11060.500000 0.921988
11063.000000 0.924320
11065.500000 0.925274
11068.000000 0.926440
11070.500000 0.928878
11073.000000 0.930574
11075.500000 0.932058
11078.000000 0.934708
11080.500000 0.936722
11083.000000 0.937252
11085.500000 0.938206
11088.000000 0.939902
11090.500000 0.941386
11093.000000 0.942976
11095.500000 0.945096
11098.000000 0.946368
11100.500000 0.947110
11103.000000 0.948276
11105.500000 0.949336
11108.000000 0.950184
11110.500000 0.951668
11113.000000 0.953152
11115.500000 0.953258
11118.000000 0.952728
11120.500000 0.953046
11123.000000 0.952410
11125.500000 0.951138
11128.000000 0.950820
11130.500000 0.950396
11133.000000 0.949230
11135.500000 0.948700
11138.000000 0.947746
11140.500000 0.945944
11143.000000 0.944778
11145.500000 0.943082
11148.000000 0.939690
11150.500000 0.935980
11153.000000 0.933012
11155.500000 0.929302
11158.000000 0.924956
11160.500000 0.920610
11163.000000 0.916158
11165.500000 0.910858
11168.000000 0.904816
11170.500000 0.898456
11173.000000 0.891142
11175.500000 0.883086
11178.000000 0.874606
11180.500000 0.865066
11183.000000 0.855102
11185.500000 0.845668
11188.000000 0.835174
11190.500000 0.822454
11193.000000 0.809628
11195.500000 0.796484
11198.000000 0.781750
11200.500000 0.767228
11203.000000 0.752388
11205.500000 0.735534
11208.000000 0.718256
11210.500000 0.701508
11213.000000 0.683806
11215.500000 0.665362
11218.000000 0.647448
11220.500000 0.628792
11223.000000 0.608758
11225.500000 0.588936
11228.000000 0.570174
11230.500000 0.550776
11233.000000 0.530530
11235.500000 0.510496
11238.000000 0.490462
11240.500000 0.470322
11243.000000 0.451242
11245.500000 0.432586
11248.000000 0.413506
11250.500000 0.395380
11253.000000 0.377996
11255.500000 0.360718
11258.000000 0.343334
11260.500000 0.326480
11263.000000 0.310580
11265.500000 0.295210
11268.000000 0.280582
11270.500000 0.266484
11273.000000 0.252810
11275.500000 0.239454
11278.000000 0.227264
11280.500000 0.215710
11283.000000 0.204262
11285.500000 0.193980
11288.000000 0.184334
11290.500000 0.174158
11293.000000 0.164194
11295.500000 0.155184
11298.000000 0.147022
11300.500000 0.138754
11303.000000 0.131016
11305.500000 0.124974
11308.000000 0.118932
11310.500000 0.112360
11313.000000 0.106742
11315.500000 0.101463
11318.000000 0.095294
11320.500000 0.089941
11323.000000 0.085489
11325.500000 0.080698
11328.000000 0.076341
11330.500000 0.072557
11333.000000 0.068582
11335.500000 0.064883
11338.000000 0.062010
11340.500000 0.059360
11343.000000 0.055947
11345.500000 0.052258
11348.000000 0.049576
11350.500000 0.047350
11353.000000 0.045103
11355.500000 0.043545
11358.000000 0.041605
11360.500000 0.038860
11363.000000 0.036877
11365.500000 0.035181
11368.000000 0.033083
11370.500000 0.031450
11373.000000 0.030305
11375.500000 0.028620
11378.000000 0.026564
11380.500000 0.025366
11383.000000 0.024571
11385.500000 0.023405
11388.000000 0.022430
11390.500000 0.021730
11393.000000 0.020394
11395.500000 0.018762
11398.000000 0.017978
11400.500000 0.017363
11403.000000 0.016631
11405.500000 0.016282
11408.000000 0.015603
11410.500000 0.014427
11413.000000 0.013716
11415.500000 0.013473
11418.000000 0.012868
11420.500000 0.012222
11423.000000 0.012031
11425.500000 0.011363
11428.000000 0.010348
11430.500000 0.010027
11433.000000 0.009601
11435.500000 0.008896
11438.000000 0.008814
11440.500000 0.008774
11443.000000 0.008230
11445.500000 0.007713
11448.000000 0.007671
11450.500000 0.007663
11453.000000 0.007066
11455.500000 0.006647
11458.000000 0.006694
11460.500000 0.006016
11463.000000 0.005326
11465.500000 0.005669
11468.000000 0.005800
11470.500000 0.005482
11473.000000 0.005312
11475.500000 0.004783
11478.000000 0.004086
11480.500000 0.004128
11483.000000 0.004484
11485.500000 0.004245
11488.000000 0.003760
11490.500000 0.003640
11493.000000 0.003443
11495.500000 0.003149
11498.000000 0.003439
11500.500000 0.003459
11503.000000 0.002908
11505.500000 0.003085
11508.000000 0.003264
11510.500000 0.002433
11513.000000 0.002137
11515.500000 0.002841
11518.000000 0.002941
11520.500000 0.002508
11523.000000 0.002487
11525.500000 0.002438
11528.000000 0.002016
11530.500000 0.001622
11533.000000 0.001741
11535.500000 0.001895
11538.000000 0.001559
11540.500000 0.001367
11543.000000 0.001360
11545.500000 0.001368
11548.000000 0.001762
11550.500000 0.001783
11553.000000 0.001296
11555.500000 0.001341
11558.000000 0.001551
11560.500000 0.001495
11563.000000 0.001636
11565.500000 0.001684
11568.000000 0.001159
11570.500000 0.000868
11573.000000 0.001426
11575.500000 0.001732
11578.000000 0.001075
11580.500000 0.000862
11583.000000 0.001476
11585.500000 0.001409
11588.000000 0.000978
11590.500000 0.000952
11593.000000 0.000752
11595.500000 0.000693
11598.000000 0.001189
11600.500000 0.001380
11603.000000 0.000791
11605.500000 0.000412
11608.000000 0.000740
11610.500000 0.000906
11613.000000 0.000881
11615.500000 0.001081
11618.000000 0.000885
11620.500000 0.000221
11623.000000 0.000176
11625.500000 0.000502
11628.000000 0.000490
11630.500000 0.000939
11633.000000 0.001382
11635.500000 0.000845
11638.000000 0.000482
11640.500000 0.000545
11643.000000 0.000249
11645.500000 0.000320
11648.000000 0.000766
11650.500000 0.000738
11653.000000 0.000752
11655.500000 0.001319
11658.000000 0.001471
11660.500000 0.000877
11663.000000 0.000561
11665.500000 0.000527
11668.000000 0.000057
11670.500000 0.000000
11673.000000 0.000407
11675.500000 0.000844
11678.000000 0.000424
11680.500000 0.000349
11683.000000 0.000393
11685.500000 0.000180
11688.000000 0.000457
11690.500000 0.000632
11693.000000 0.000171
11695.500000 0.000101
11698.000000 0.000658
11700.500000 0.000724
11703.000000 0.000634
11705.500000 0.000913
11708.000000 0.000712
11710.500000 0.000255
11713.000000 0.000383
11715.500000 0.000613
11718.000000 0.000405
11720.500000 0.000221
11723.000000 0.000263
11725.500000 0.000012
11728.000000 0.000000
11730.500000 0.000034
11733.000000 0.000284
11735.500000 0.000306
11738.000000 0.000815
11740.500000 0.000756
11743.000000 0.000240
11745.500000 0.000395
11748.000000 0.000463
11750.500000 0.000111
11753.000000 0.000358
11755.500000 0.000485
11758.000000 0.000000
11760.500000 0.000000
11763.000000 0.000493
11765.500000 0.000160
11768.000000 0.000000
11770.500000 0.000069
11773.000000 0.000229
11775.500000 0.000273
11778.000000 0.000596
11780.500000 0.000759
11783.000000 0.000402
11785.500000 0.000335
11788.000000 0.000855
11790.500000 0.000715
11793.000000 0.000229
11795.500000 0.000436
11798.000000 0.000464
11800.500000 0.000428
11803.000000 0.000717
11805.500000 0.000359
11808.000000 0.000000
11810.500000 0.000063
11813.000000 0.000327
11815.500000 0.000191
11818.000000 0.000142
11820.500000 0.000000
11823.000000 0.000000
11825.500000 0.000000
11828.000000 0.000000
11830.500000 0.000174
11833.000000 0.000000
11835.500000 0.000000
11838.000000 0.000000
11840.500000 0.000131
11843.000000 0.000689
11845.500000 0.000716
11848.000000 0.000000
11850.500000 0.000000
11853.000000 0.000000
11855.500000 0.000136
11858.000000 0.000113
11860.500000 0.000305
11863.000000 0.000000
11865.500000 0.000000
11868.000000 0.000000
11870.500000 0.000316
11873.000000 0.000569
11875.500000 0.000224
11878.000000 0.000000
11880.500000 0.000000
11883.000000 0.000000
11885.500000 0.000269
11888.000000 0.000006
11890.500000 0.000000
11893.000000 0.000208
11895.500000 0.000000
11898.000000 0.000000
11900.500000 0.000156
11903.000000 0.000582
11905.500000 0.000421
11908.000000 0.000070
11910.500000 0.000000
11913.000000 0.000000
11915.500000 0.000000
11918.000000 0.000438
11920.500000 0.000256
11923.000000 0.000000
11925.500000 0.000000
11928.000000 0.000132
11930.500000 0.000063
11933.000000 0.000069
11935.500000 0.000000
11938.000000 0.000000
11940.500000 0.000000
11943.000000 0.000119
11945.500000 0.000000
11948.000000 0.000000
11950.500000 0.000000
11953.000000 0.000023
11955.500000 0.000000
11958.000000 0.000153
11960.500000 0.000250
11963.000000 0.000205
11965.500000 0.000713
11968.000000 0.000501
11970.500000 0.000000
11973.000000 0.000000
11975.500000 0.000067
11978.000000 0.000006
11980.500000 0.000000
11983.000000 0.000000
11985.500000 0.000000
11988.000000 0.000000
11990.500000 0.000000
11993.000000 0.000000
11995.500000 0.000000
