# MOSFIRE_J2
# energy
# MOSFIRE_J2-band filter https://www2.keck.hawaii.edu/inst/mosfire/filters.html
10097.700000 0.000111
10107.700000 0.000127
10117.700000 0.000058
10127.700000 0.000003
10137.700000 -0.000008
10147.700000 0.000112
10157.700000 0.000047
10167.700000 0.000088
10177.700000 -0.000008
10187.700000 0.000031
10197.700000 0.000010
10207.700000 -0.000016
10217.700000 0.000043
10227.700000 0.000052
10237.700000 0.000073
10247.700000 -0.000049
10257.700000 -0.000014
10267.700000 0.000027
10277.700000 0.000065
10287.700000 0.000030
10297.700000 0.000062
10307.700000 -0.000005
10317.700000 -0.000027
10327.700000 -0.000038
10337.700000 -0.000021
10347.700000 0.000034
10357.700000 -0.000027
10367.700000 -0.000055
10377.700000 0.000102
10387.700000 0.000031
10397.700000 -0.000043
10407.700000 0.000214
10417.700000 0.000119
10427.700000 0.000021
10437.700000 -0.000033
10447.700000 0.000069
10457.700000 0.000082
10467.700000 0.000128
10477.700000 0.000024
10487.700000 -0.000073
10497.700000 0.000090
10507.700000 0.000018
10517.700000 0.000129
10527.700000 0.000032
10537.700000 -0.000110
10547.700000 0.000011
10557.700000 0.000112
10567.700000 0.000032
10577.700000 0.000201
10587.700000 -0.000062
10597.700000 0.000093
10607.700000 0.000092
10617.700000 0.000097
10627.700000 0.000076
10637.700000 0.000086
10647.700000 0.000005
10657.700000 0.000061
10667.700000 0.000214
10677.700000 0.000038
10687.700000 0.000097
10697.700000 0.000091
10707.700000 0.000083
10717.700000 0.000203
10727.700000 0.000212
10737.700000 0.000321
10747.700000 0.000278
10757.700000 0.000299
10767.700000 0.000250
10777.700000 0.000330
10787.700000 0.000405
10797.700000 0.000424
10807.700000 0.000567
10817.700000 0.000802
10827.700000 0.000783
10837.700000 0.000964
10847.700000 0.001012
10857.700000 0.001186
10867.700000 0.001472
10877.700000 0.001734
10887.700000 0.001991
10897.700000 0.002477
10907.700000 0.002889
10917.700000 0.003760
10927.700000 0.004369
10937.700000 0.005387
10947.700000 0.006936
10957.700000 0.008381
10967.700000 0.010253
10977.700000 0.012615
10987.700000 0.015453
10997.700000 0.018789
11007.700000 0.023042
11017.700000 0.028017
11027.700000 0.033564
11037.700000 0.040535
11047.700000 0.048950
11057.700000 0.058917
11067.700000 0.070741
11077.700000 0.085768
11087.700000 0.103669
11097.700000 0.125191
11107.700000 0.152469
11117.700000 0.185449
11127.700000 0.225085
11137.700000 0.272132
11147.700000 0.327110
11157.700000 0.388637
11167.700000 0.453170
11177.700000 0.519870
11187.700000 0.579951
11197.700000 0.640080
11207.700000 0.680868
11217.700000 0.711893
11227.700000 0.737018
11237.700000 0.753715
11247.700000 0.761086
11257.700000 0.770525
11267.700000 0.775985
11277.700000 0.777413
11287.700000 0.782286
11297.700000 0.786106
11307.700000 0.789969
11317.700000 0.792172
11327.700000 0.799910
11337.700000 0.804169
11347.700000 0.809684
11357.700000 0.814810
11367.700000 0.820427
11377.700000 0.827742
11387.700000 0.831634
11397.700000 0.836622
11407.700000 0.842495
11417.700000 0.845948
11427.700000 0.850541
11437.700000 0.851907
11447.700000 0.853946
11457.700000 0.860242
11467.700000 0.860302
11477.700000 0.862180
11487.700000 0.862829
11497.700000 0.861818
11507.700000 0.861410
11517.700000 0.861019
11527.700000 0.858781
11537.700000 0.860855
11547.700000 0.856600
11557.700000 0.854661
11567.700000 0.854549
11577.700000 0.854181
11587.700000 0.855017
11597.700000 0.854945
11607.700000 0.856769
11617.700000 0.857755
11627.700000 0.860192
11637.700000 0.862018
11647.700000 0.863888
11657.700000 0.866553
11667.700000 0.868663
11677.700000 0.871058
11687.700000 0.872542
11697.700000 0.873412
11707.700000 0.874373
11717.700000 0.874216
11727.700000 0.874428
11737.700000 0.873657
11747.700000 0.873787
11757.700000 0.872721
11767.700000 0.871598
11777.700000 0.870851
11787.700000 0.869633
11797.700000 0.868617
11807.700000 0.868074
11817.700000 0.867553
11827.700000 0.867110
11837.700000 0.866647
11847.700000 0.866906
11857.700000 0.867539
11867.700000 0.867636
11877.700000 0.869121
11887.700000 0.870086
11897.700000 0.871352
11907.700000 0.872973
11917.700000 0.874735
11927.700000 0.875780
11937.700000 0.876960
11947.700000 0.878680
11957.700000 0.880511
11967.700000 0.882711
11977.700000 0.884051
11987.700000 0.885625
11997.700000 0.886577
12007.700000 0.887395
12017.700000 0.888742
12027.700000 0.889645
12037.700000 0.889940
12047.700000 0.890579
12057.700000 0.890479
12067.700000 0.890763
12077.700000 0.890024
12087.700000 0.889678
12097.700000 0.888864
12107.700000 0.887753
12117.700000 0.886867
12127.700000 0.885843
12137.700000 0.885105
12147.700000 0.883938
12157.700000 0.883478
12167.700000 0.882554
12177.700000 0.882462
12187.700000 0.882106
12197.700000 0.881973
12207.700000 0.882246
12217.700000 0.882437
12227.700000 0.882907
12237.700000 0.883573
12247.700000 0.884520
12257.700000 0.885159
12267.700000 0.885327
12277.700000 0.885520
12287.700000 0.885134
12297.700000 0.884227
12307.700000 0.882558
12317.700000 0.879521
12327.700000 0.875433
12337.700000 0.869017
12347.700000 0.860105
12357.700000 0.848234
12367.700000 0.832195
12377.700000 0.811534
12387.700000 0.785336
12397.700000 0.752879
12407.700000 0.713815
12417.700000 0.669622
12427.700000 0.620601
12437.700000 0.565636
12447.700000 0.510270
12457.700000 0.454609
12467.700000 0.397742
12477.700000 0.345798
12487.700000 0.297709
12497.700000 0.254050
12507.700000 0.215695
12517.700000 0.182364
12527.700000 0.153631
12537.700000 0.128819
12547.700000 0.108159
12557.700000 0.090918
12567.700000 0.076119
12577.700000 0.064138
12587.700000 0.053914
12597.700000 0.045385
12607.700000 0.038081
12617.700000 0.032235
12627.700000 0.027259
12637.700000 0.023225
12647.700000 0.019686
12657.700000 0.016880
12667.700000 0.014303
12677.700000 0.012051
12687.700000 0.010476
12697.700000 0.008903
12707.700000 0.007626
12717.700000 0.006598
12727.700000 0.005797
12737.700000 0.004768
12747.700000 0.004223
12757.700000 0.003726
12767.700000 0.003297
12777.700000 0.002967
12787.700000 0.002502
12797.700000 0.002231
12807.700000 0.001904
12817.700000 0.001650
12827.700000 0.001434
12837.700000 0.001471
12847.700000 0.001296
12857.700000 0.001094
12867.700000 0.000959
12877.700000 0.000933
12887.700000 0.000783
12897.700000 0.000681
12907.700000 0.000656
12917.700000 0.000598
12927.700000 0.000605
12937.700000 0.000434
12947.700000 0.000486
12957.700000 0.000556
12967.700000 0.000406
12977.700000 0.000285
12987.700000 0.000227
12997.700000 0.000242
13007.700000 0.000382
13017.700000 0.000336
13027.700000 0.000223
13037.700000 0.000187
13047.700000 0.000203
13057.700000 0.000305
13067.700000 0.000305
13077.700000 0.000093
13087.700000 0.000110
13097.700000 0.000234
13107.700000 0.000204
13117.700000 0.000152
13127.700000 0.000212
13137.700000 0.000095
13147.700000 0.000113
13157.700000 0.000078
13167.700000 0.000113
13177.700000 0.000068
13187.700000 0.000095
13197.700000 0.000185
13207.700000 0.000137
13217.700000 -0.000016
13227.700000 -0.000094
13237.700000 0.000025
13247.700000 0.000132
13257.700000 0.000116
13267.700000 -0.000013
13277.700000 0.000176
13287.700000 0.000076
13297.700000 0.000065
13307.700000 0.000131
13317.700000 0.000011
13327.700000 0.000123
13337.700000 0.000029
13347.700000 0.000104
13357.700000 0.000027
13367.700000 0.000001
13377.700000 -0.000038
13387.700000 0.000042
13397.700000 0.000132
13407.700000 -0.000001
13417.700000 0.000009
13427.700000 0.000039
13437.700000 0.000097
13447.700000 0.000058
13457.700000 0.000108
13467.700000 -0.000105
13477.700000 0.000015
13487.700000 0.000055
13497.700000 0.000124
