# MOSFIRE_J3
# energy
# MOSFIRE_J3-band filter https://www2.keck.hawaii.edu/inst/mosfire/filters.html
11497.700000 -0.000120
11502.700000 0.000016
11507.700000 0.000053
11512.700000 -0.000131
11517.700000 -0.000100
11522.700000 -0.000135
11527.700000 -0.000055
11532.700000 0.000112
11537.700000 -0.000012
11542.700000 -0.000073
11547.700000 0.000038
11552.700000 -0.000122
11557.700000 -0.000089
11562.700000 -0.000014
11567.700000 0.000058
11572.700000 0.000138
11577.700000 -0.000031
11582.700000 0.000041
11587.700000 0.000030
11592.700000 0.000038
11597.700000 0.000088
11602.700000 -0.000104
11607.700000 0.000071
11612.700000 0.000006
11617.700000 -0.000008
11622.700000 0.000075
11627.700000 -0.000032
11632.700000 0.000154
11637.700000 0.000224
11642.700000 0.000139
11647.700000 0.000065
11652.700000 -0.000052
11657.700000 -0.000058
11662.700000 0.000063
11667.700000 -0.000068
11672.700000 0.000139
11677.700000 0.000057
11682.700000 0.000079
11687.700000 0.000117
11692.700000 -0.000008
11697.700000 -0.000125
11702.700000 0.000000
11707.700000 0.000077
11712.700000 0.000195
11717.700000 0.000149
11722.700000 0.000092
11727.700000 0.000147
11732.700000 0.000191
11737.700000 0.000068
11742.700000 0.000045
11747.700000 -0.000022
11752.700000 0.000215
11757.700000 0.000165
11762.700000 0.000117
11767.700000 0.000114
11772.700000 0.000231
11777.700000 0.000169
11782.700000 0.000166
11787.700000 0.000147
11792.700000 0.000218
11797.700000 0.000371
11802.700000 0.000169
11807.700000 0.000188
11812.700000 0.000201
11817.700000 0.000320
11822.700000 0.000258
11827.700000 0.000174
11832.700000 0.000493
11837.700000 0.000381
11842.700000 0.000447
11847.700000 0.000536
11852.700000 0.000647
11857.700000 0.000651
11862.700000 0.000817
11867.700000 0.000699
11872.700000 0.000738
11877.700000 0.000677
11882.700000 0.000877
11887.700000 0.000858
11892.700000 0.001183
11897.700000 0.001196
11902.700000 0.001208
11907.700000 0.001130
11912.700000 0.001564
11917.700000 0.001523
11922.700000 0.001592
11927.700000 0.001771
11932.700000 0.001888
11937.700000 0.002248
11942.700000 0.002207
11947.700000 0.002466
11952.700000 0.002573
11957.700000 0.002749
11962.700000 0.002881
11967.700000 0.003250
11972.700000 0.003299
11977.700000 0.003712
11982.700000 0.004003
11987.700000 0.004354
11992.700000 0.004542
11997.700000 0.004921
12002.700000 0.005210
12007.700000 0.005475
12012.700000 0.006088
12017.700000 0.006307
12022.700000 0.006925
12027.700000 0.007372
12032.700000 0.007971
12037.700000 0.008516
12042.700000 0.009261
12047.700000 0.010002
12052.700000 0.010571
12057.700000 0.011395
12062.700000 0.012465
12067.700000 0.013230
12072.700000 0.014418
12077.700000 0.015692
12082.700000 0.017050
12087.700000 0.018528
12092.700000 0.020217
12097.700000 0.022112
12102.700000 0.023901
12107.700000 0.026290
12112.700000 0.028850
12117.700000 0.031558
12122.700000 0.034590
12127.700000 0.038097
12132.700000 0.041737
12137.700000 0.046008
12142.700000 0.051055
12147.700000 0.056479
12152.700000 0.062085
12157.700000 0.068706
12162.700000 0.075859
12167.700000 0.083835
12172.700000 0.093216
12177.700000 0.103612
12182.700000 0.113997
12187.700000 0.126382
12192.700000 0.139628
12197.700000 0.153711
12202.700000 0.169852
12207.700000 0.187655
12212.700000 0.206003
12217.700000 0.225313
12222.700000 0.246156
12227.700000 0.267833
12232.700000 0.290865
12237.700000 0.315684
12242.700000 0.341107
12247.700000 0.366484
12252.700000 0.391830
12257.700000 0.418144
12262.700000 0.443607
12267.700000 0.470815
12272.700000 0.497844
12277.700000 0.522585
12282.700000 0.547996
12287.700000 0.571890
12292.700000 0.594892
12297.700000 0.618483
12302.700000 0.641292
12307.700000 0.661856
12312.700000 0.682065
12317.700000 0.700340
12322.700000 0.718138
12327.700000 0.734985
12332.700000 0.751690
12337.700000 0.766792
12342.700000 0.780506
12347.700000 0.793108
12352.700000 0.805115
12357.700000 0.815730
12362.700000 0.825336
12367.700000 0.835373
12372.700000 0.842822
12377.700000 0.849909
12382.700000 0.856457
12387.700000 0.862470
12392.700000 0.867184
12397.700000 0.871535
12402.700000 0.875896
12407.700000 0.878918
12412.700000 0.881787
12417.700000 0.884003
12422.700000 0.885920
12427.700000 0.887601
12432.700000 0.889044
12437.700000 0.890040
12442.700000 0.890848
12447.700000 0.891932
12452.700000 0.892376
12457.700000 0.892917
12462.700000 0.893352
12467.700000 0.893786
12472.700000 0.894112
12477.700000 0.894525
12482.700000 0.894398
12487.700000 0.895297
12492.700000 0.895835
12497.700000 0.896319
12502.700000 0.896081
12507.700000 0.896629
12512.700000 0.897022
12517.700000 0.897809
12522.700000 0.897429
12527.700000 0.897980
12532.700000 0.897866
12537.700000 0.898873
12542.700000 0.898851
12547.700000 0.899048
12552.700000 0.899189
12557.700000 0.899267
12562.700000 0.899088
12567.700000 0.899657
12572.700000 0.900056
12577.700000 0.899744
12582.700000 0.899849
12587.700000 0.899952
12592.700000 0.899804
12597.700000 0.899678
12602.700000 0.899546
12607.700000 0.899119
12612.700000 0.898978
12617.700000 0.899514
12622.700000 0.899231
12627.700000 0.899442
12632.700000 0.899521
12637.700000 0.899397
12642.700000 0.899243
12647.700000 0.899379
12652.700000 0.899671
12657.700000 0.899762
12662.700000 0.900068
12667.700000 0.899509
12672.700000 0.900360
12677.700000 0.900701
12682.700000 0.900735
12687.700000 0.901035
12692.700000 0.901676
12697.700000 0.902071
12702.700000 0.902423
12707.700000 0.902629
12712.700000 0.903266
12717.700000 0.903161
12722.700000 0.904365
12727.700000 0.904682
12732.700000 0.904823
12737.700000 0.905627
12742.700000 0.905997
12747.700000 0.906044
12752.700000 0.907307
12757.700000 0.908043
12762.700000 0.908105
12767.700000 0.908208
12772.700000 0.909229
12777.700000 0.909398
12782.700000 0.910048
12787.700000 0.910486
12792.700000 0.911014
12797.700000 0.911303
12802.700000 0.912218
12807.700000 0.912283
12812.700000 0.912968
12817.700000 0.913240
12822.700000 0.914396
12827.700000 0.914160
12832.700000 0.914584
12837.700000 0.914644
12842.700000 0.915602
12847.700000 0.915498
12852.700000 0.915759
12857.700000 0.915649
12862.700000 0.916116
12867.700000 0.915947
12872.700000 0.915635
12877.700000 0.916007
12882.700000 0.916880
12887.700000 0.916683
12892.700000 0.916691
12897.700000 0.917057
12902.700000 0.916656
12907.700000 0.916485
12912.700000 0.916106
12917.700000 0.915733
12922.700000 0.916297
12927.700000 0.915600
12932.700000 0.915044
12937.700000 0.914985
12942.700000 0.914886
12947.700000 0.914339
12952.700000 0.914029
12957.700000 0.913711
12962.700000 0.914320
12967.700000 0.913219
12972.700000 0.913002
12977.700000 0.913029
12982.700000 0.912872
12987.700000 0.912479
12992.700000 0.911788
12997.700000 0.911943
13002.700000 0.911466
13007.700000 0.911187
13012.700000 0.910548
13017.700000 0.910749
13022.700000 0.910749
13027.700000 0.910522
13032.700000 0.910668
13037.700000 0.910877
13042.700000 0.911276
13047.700000 0.911725
13052.700000 0.910603
13057.700000 0.910669
13062.700000 0.910918
13067.700000 0.911373
13072.700000 0.911822
13077.700000 0.912008
13082.700000 0.912263
13087.700000 0.913669
13092.700000 0.913139
13097.700000 0.914121
13102.700000 0.913839
13107.700000 0.914664
13112.700000 0.915303
13117.700000 0.914760
13122.700000 0.915292
13127.700000 0.915842
13132.700000 0.916855
13137.700000 0.916797
13142.700000 0.917110
13147.700000 0.917664
13152.700000 0.918401
13157.700000 0.917989
13162.700000 0.918536
13167.700000 0.918973
13172.700000 0.918976
13177.700000 0.919455
13182.700000 0.919369
13187.700000 0.919620
13192.700000 0.920431
13197.700000 0.919977
13202.700000 0.920019
13207.700000 0.919400
13212.700000 0.920003
13217.700000 0.919896
13222.700000 0.919533
13227.700000 0.919921
13232.700000 0.920238
13237.700000 0.919429
13242.700000 0.918980
13247.700000 0.918576
13252.700000 0.918274
13257.700000 0.918044
13262.700000 0.916803
13267.700000 0.916277
13272.700000 0.915423
13277.700000 0.915312
13282.700000 0.914536
13287.700000 0.913568
13292.700000 0.912041
13297.700000 0.911497
13302.700000 0.909516
13307.700000 0.908624
13312.700000 0.907289
13317.700000 0.904329
13322.700000 0.904589
13327.700000 0.902524
13332.700000 0.900006
13337.700000 0.897592
13342.700000 0.894308
13347.700000 0.891250
13352.700000 0.886725
13357.700000 0.885295
13362.700000 0.881104
13367.700000 0.877005
13372.700000 0.871947
13377.700000 0.866197
13382.700000 0.859778
13387.700000 0.852946
13392.700000 0.845950
13397.700000 0.837584
13402.700000 0.829041
13407.700000 0.818861
13412.700000 0.806856
13417.700000 0.795117
13422.700000 0.781086
13427.700000 0.767705
13432.700000 0.753115
13437.700000 0.735732
13442.700000 0.716877
13447.700000 0.696865
13452.700000 0.676158
13457.700000 0.656693
13462.700000 0.634490
13467.700000 0.610794
13472.700000 0.587721
13477.700000 0.560630
13482.700000 0.535259
13487.700000 0.510793
13492.700000 0.483478
13497.700000 0.453032
13502.700000 0.432779
13507.700000 0.406538
13512.700000 0.383060
13517.700000 0.354998
13522.700000 0.336550
13527.700000 0.314634
13532.700000 0.292756
13537.700000 0.273533
13542.700000 0.257495
13547.700000 0.233958
13552.700000 0.220608
13557.700000 0.201888
13562.700000 0.187539
13567.700000 0.171559
13572.700000 0.159016
13577.700000 0.141693
13582.700000 0.135644
13587.700000 0.128201
13592.700000 0.115585
13597.700000 0.106230
13602.700000 0.098712
13607.700000 0.090674
13612.700000 0.084703
13617.700000 0.072210
13622.700000 0.071554
13627.700000 0.065644
13632.700000 0.060253
13637.700000 0.056070
13642.700000 0.052164
13647.700000 0.048520
13652.700000 0.044326
13657.700000 0.041265
13662.700000 0.038221
13667.700000 0.035311
13672.700000 0.032754
13677.700000 0.031430
13682.700000 0.027883
13687.700000 0.025898
13692.700000 0.022792
13697.700000 0.022135
13702.700000 0.018945
13707.700000 0.019120
13712.700000 0.017951
13717.700000 0.016505
13722.700000 0.015509
13727.700000 0.014429
13732.700000 0.013497
13737.700000 0.012354
13742.700000 0.011614
13747.700000 0.010829
13752.700000 0.009990
13757.700000 0.009393
13762.700000 0.008638
13767.700000 0.008203
13772.700000 0.007733
13777.700000 0.007071
13782.700000 0.006696
13787.700000 0.006460
13792.700000 0.005856
13797.700000 0.005520
13802.700000 0.005168
13807.700000 0.004722
13812.700000 0.004573
13817.700000 0.004319
13822.700000 0.003992
13827.700000 0.003690
13832.700000 0.003552
13837.700000 0.003219
13842.700000 0.003175
13847.700000 0.002856
13852.700000 0.002726
13857.700000 0.002446
13862.700000 0.002374
13867.700000 0.002208
13872.700000 0.002053
13877.700000 0.001862
13882.700000 0.001688
13887.700000 0.001760
13892.700000 0.001697
13897.700000 0.001638
13902.700000 0.001539
13907.700000 0.001394
13912.700000 0.001394
13917.700000 0.001283
13922.700000 0.001212
13927.700000 0.001150
13932.700000 0.001069
13937.700000 0.000987
13942.700000 0.001014
13947.700000 0.000929
13952.700000 0.000794
13957.700000 0.000717
13962.700000 0.000755
13967.700000 0.000707
13972.700000 0.000613
13977.700000 0.000652
13982.700000 0.000625
13987.700000 0.000606
13992.700000 0.000626
13997.700000 0.000547
