# MOSFIRE_K
# energy
# MOSFIRE_K-band filter https://www2.keck.hawaii.edu/inst/mosfire/filters.html
24960.000000 0.000313
24955.000000 0.000266
24950.000000 0.000381
24945.000000 0.000327
24940.000000 0.000494
24935.000000 0.000308
24930.000000 0.000387
24925.000000 0.000399
24920.000000 0.000420
24915.000000 0.000461
24910.000000 0.000423
24905.000000 0.000423
24900.000000 0.000450
24895.000000 0.000406
24890.000000 0.000405
24885.000000 0.000428
24880.000000 0.000552
24875.000000 0.000499
24870.000000 0.000580
24865.000000 0.000625
24860.000000 0.000544
24855.000000 0.000550
24850.000000 0.000620
24845.000000 0.000556
24840.000000 0.000646
24835.000000 0.000670
24830.000000 0.000779
24825.000000 0.000737
24820.000000 0.000735
24815.000000 0.000765
24810.000000 0.000763
24805.000000 0.000724
24800.000000 0.000797
24795.000000 0.000933
24790.000000 0.000978
24785.000000 0.000933
24780.000000 0.000902
24775.000000 0.000951
24770.000000 0.000965
24765.000000 0.001106
24760.000000 0.001006
24755.000000 0.001095
24750.000000 0.001124
24745.000000 0.001232
24740.000000 0.001272
24735.000000 0.001297
24730.000000 0.001208
24725.000000 0.001304
24720.000000 0.001430
24715.000000 0.001449
24710.000000 0.001489
24705.000000 0.001612
24700.000000 0.001636
24695.000000 0.001616
24690.000000 0.001726
24685.000000 0.001740
24680.000000 0.001652
24675.000000 0.001955
24670.000000 0.001993
24665.000000 0.002085
24660.000000 0.002066
24655.000000 0.002155
24650.000000 0.002352
24645.000000 0.002370
24640.000000 0.002385
24635.000000 0.002439
24630.000000 0.002503
24625.000000 0.002694
24620.000000 0.002892
24615.000000 0.003013
24610.000000 0.002850
24605.000000 0.003226
24600.000000 0.003287
24595.000000 0.003280
24590.000000 0.003429
24585.000000 0.003690
24580.000000 0.003624
24575.000000 0.003966
24570.000000 0.004086
24565.000000 0.004131
24560.000000 0.004270
24555.000000 0.004510
24550.000000 0.004633
24545.000000 0.005016
24540.000000 0.004975
24535.000000 0.005083
24530.000000 0.005353
24525.000000 0.005611
24520.000000 0.005766
24515.000000 0.006033
24510.000000 0.006244
24505.000000 0.006613
24500.000000 0.006792
24495.000000 0.007002
24490.000000 0.007350
24485.000000 0.007687
24480.000000 0.007952
24475.000000 0.008378
24470.000000 0.008623
24465.000000 0.008940
24460.000000 0.009317
24455.000000 0.009737
24450.000000 0.010311
24445.000000 0.010592
24440.000000 0.011005
24435.000000 0.011570
24430.000000 0.011895
24425.000000 0.012563
24420.000000 0.013137
24415.000000 0.013649
24410.000000 0.014106
24405.000000 0.014727
24400.000000 0.015570
24395.000000 0.016162
24390.000000 0.016815
24385.000000 0.017621
24380.000000 0.018414
24375.000000 0.019112
24370.000000 0.019926
24365.000000 0.020890
24360.000000 0.021851
24355.000000 0.023001
24350.000000 0.023861
24345.000000 0.024925
24340.000000 0.026128
24335.000000 0.027267
24330.000000 0.028784
24325.000000 0.030146
24320.000000 0.031604
24315.000000 0.033009
24310.000000 0.034682
24305.000000 0.036391
24300.000000 0.038123
24295.000000 0.040211
24290.000000 0.042087
24285.000000 0.044169
24280.000000 0.046179
24275.000000 0.048360
24270.000000 0.050730
24265.000000 0.053499
24260.000000 0.056467
24255.000000 0.059109
24250.000000 0.062160
24245.000000 0.065123
24240.000000 0.068477
24235.000000 0.072251
24230.000000 0.076027
24225.000000 0.080131
24220.000000 0.083793
24215.000000 0.088280
24210.000000 0.092889
24205.000000 0.097870
24200.000000 0.103500
24195.000000 0.108701
24190.000000 0.114452
24185.000000 0.120099
24180.000000 0.126379
24175.000000 0.133418
24170.000000 0.140834
24165.000000 0.148728
24160.000000 0.156071
24155.000000 0.163881
24150.000000 0.172293
24145.000000 0.181934
24140.000000 0.191596
24135.000000 0.202126
24130.000000 0.213042
24125.000000 0.222745
24120.000000 0.234267
24115.000000 0.246238
24110.000000 0.259745
24105.000000 0.273334
24100.000000 0.285728
24095.000000 0.299863
24090.000000 0.312800
24085.000000 0.328457
24080.000000 0.344184
24075.000000 0.360296
24070.000000 0.377771
24065.000000 0.392648
24060.000000 0.409226
24055.000000 0.426613
24050.000000 0.445611
24045.000000 0.465259
24040.000000 0.483794
24035.000000 0.502523
24030.000000 0.519033
24025.000000 0.538096
24020.000000 0.557578
24015.000000 0.577625
24010.000000 0.597069
24005.000000 0.614602
24000.000000 0.633861
23995.000000 0.649918
23990.000000 0.667723
23985.000000 0.687842
23980.000000 0.706251
23975.000000 0.723841
23970.000000 0.738601
23965.000000 0.754366
23960.000000 0.768526
23955.000000 0.784834
23950.000000 0.800132
23945.000000 0.812826
23940.000000 0.826078
23935.000000 0.836861
23930.000000 0.849766
23925.000000 0.860845
23920.000000 0.871774
23915.000000 0.882286
23910.000000 0.891117
23905.000000 0.899040
23900.000000 0.906784
23895.000000 0.914373
23890.000000 0.921205
23885.000000 0.927937
23880.000000 0.933395
23875.000000 0.937672
23870.000000 0.942697
23865.000000 0.947032
23860.000000 0.951169
23855.000000 0.954832
23850.000000 0.957597
23845.000000 0.960709
23840.000000 0.963349
23835.000000 0.964680
23830.000000 0.966387
23825.000000 0.968506
23820.000000 0.970061
23815.000000 0.971481
23810.000000 0.972350
23805.000000 0.972768
23800.000000 0.973599
23795.000000 0.974283
23790.000000 0.974659
23785.000000 0.975022
23780.000000 0.975114
23775.000000 0.974723
23770.000000 0.975256
23765.000000 0.975080
23760.000000 0.975077
23755.000000 0.974912
23750.000000 0.974577
23745.000000 0.974931
23740.000000 0.974680
23735.000000 0.974195
23730.000000 0.973767
23725.000000 0.973411
23720.000000 0.973195
23715.000000 0.973097
23710.000000 0.972512
23705.000000 0.971996
23700.000000 0.971759
23695.000000 0.971732
23690.000000 0.971548
23685.000000 0.971400
23680.000000 0.970580
23675.000000 0.970254
23670.000000 0.970500
23665.000000 0.969874
23660.000000 0.969517
23655.000000 0.969270
23650.000000 0.968721
23645.000000 0.968403
23640.000000 0.968001
23635.000000 0.968222
23630.000000 0.967683
23625.000000 0.967972
23620.000000 0.967332
23615.000000 0.967021
23610.000000 0.966841
23605.000000 0.966251
23600.000000 0.965818
23595.000000 0.965365
23590.000000 0.965511
23585.000000 0.965676
23580.000000 0.964966
23575.000000 0.964722
23570.000000 0.964687
23565.000000 0.963994
23560.000000 0.963944
23555.000000 0.963504
23550.000000 0.963038
23545.000000 0.962638
23540.000000 0.962243
23535.000000 0.961658
23530.000000 0.961683
23525.000000 0.961196
23520.000000 0.960926
23515.000000 0.959827
23510.000000 0.959500
23505.000000 0.959083
23500.000000 0.958462
23495.000000 0.957668
23490.000000 0.957106
23485.000000 0.956868
23480.000000 0.956143
23475.000000 0.954913
23470.000000 0.954650
23465.000000 0.954036
23460.000000 0.953574
23455.000000 0.952879
23450.000000 0.951940
23445.000000 0.951354
23440.000000 0.950263
23435.000000 0.949193
23430.000000 0.948745
23425.000000 0.948229
23420.000000 0.947155
23415.000000 0.946011
23410.000000 0.944562
23405.000000 0.943540
23400.000000 0.943380
23395.000000 0.941953
23390.000000 0.941168
23385.000000 0.940202
23380.000000 0.938994
23375.000000 0.937893
23370.000000 0.936776
23365.000000 0.935629
23360.000000 0.934777
23355.000000 0.933474
23350.000000 0.932782
23345.000000 0.931499
23340.000000 0.930418
23335.000000 0.929343
23330.000000 0.928096
23325.000000 0.927099
23320.000000 0.926100
23315.000000 0.924956
23310.000000 0.923781
23305.000000 0.922641
23300.000000 0.921895
23295.000000 0.920723
23290.000000 0.919365
23285.000000 0.918649
23280.000000 0.917643
23275.000000 0.916718
23270.000000 0.915773
23265.000000 0.914992
23260.000000 0.913640
23255.000000 0.912787
23250.000000 0.911849
23245.000000 0.911195
23240.000000 0.910790
23235.000000 0.909858
23230.000000 0.909083
23225.000000 0.908351
23220.000000 0.907824
23215.000000 0.906995
23210.000000 0.906224
23205.000000 0.905705
23200.000000 0.905086
23195.000000 0.904902
23190.000000 0.904344
23185.000000 0.904196
23180.000000 0.903545
23175.000000 0.903444
23170.000000 0.902477
23165.000000 0.902664
23160.000000 0.902361
23155.000000 0.902178
23150.000000 0.901616
23145.000000 0.901842
23140.000000 0.902130
23135.000000 0.902141
23130.000000 0.902285
23125.000000 0.901667
23120.000000 0.901994
23115.000000 0.902245
23110.000000 0.902626
23105.000000 0.902623
23100.000000 0.902915
23095.000000 0.902943
23090.000000 0.903399
23085.000000 0.904278
23080.000000 0.904645
23075.000000 0.905190
23070.000000 0.905157
23065.000000 0.905944
23060.000000 0.906475
23055.000000 0.906936
23050.000000 0.907447
23045.000000 0.908407
23040.000000 0.909088
23035.000000 0.909916
23030.000000 0.910695
23025.000000 0.911281
23020.000000 0.911982
23015.000000 0.912818
23010.000000 0.913642
23005.000000 0.914492
23000.000000 0.915301
22995.000000 0.915645
22990.000000 0.917132
22985.000000 0.918248
22980.000000 0.919336
22975.000000 0.920145
22970.000000 0.920879
22965.000000 0.922177
22960.000000 0.922898
22955.000000 0.924019
22950.000000 0.924930
22945.000000 0.925982
22940.000000 0.927013
22935.000000 0.927848
22930.000000 0.928936
22925.000000 0.929844
22920.000000 0.931051
22915.000000 0.931999
22910.000000 0.932935
22905.000000 0.933872
22900.000000 0.935447
22895.000000 0.935895
22890.000000 0.936654
22885.000000 0.938244
22880.000000 0.939230
22875.000000 0.940313
22870.000000 0.941044
22865.000000 0.941327
22860.000000 0.942514
22855.000000 0.943647
22850.000000 0.944948
22845.000000 0.945508
22840.000000 0.946396
22835.000000 0.947519
22830.000000 0.948451
22825.000000 0.949199
22820.000000 0.950141
22815.000000 0.950979
22810.000000 0.951637
22805.000000 0.952346
22800.000000 0.953562
22795.000000 0.954125
22790.000000 0.954843
22785.000000 0.955824
22780.000000 0.956656
22775.000000 0.957042
22770.000000 0.958163
22765.000000 0.958588
22760.000000 0.959100
22755.000000 0.960073
22750.000000 0.960816
22745.000000 0.961702
22740.000000 0.962123
22735.000000 0.962557
22730.000000 0.963253
22725.000000 0.963964
22720.000000 0.964672
22715.000000 0.965167
22710.000000 0.965609
22705.000000 0.965872
22700.000000 0.966792
22695.000000 0.967228
22690.000000 0.967661
22685.000000 0.968065
22680.000000 0.969044
22675.000000 0.969344
22670.000000 0.969579
22665.000000 0.969674
22660.000000 0.970235
22655.000000 0.970870
22650.000000 0.971333
22645.000000 0.971726
22640.000000 0.971838
22635.000000 0.972540
22630.000000 0.972663
22625.000000 0.972994
22620.000000 0.973215
22615.000000 0.973365
22610.000000 0.973865
22605.000000 0.973826
22600.000000 0.974025
22595.000000 0.974139
22590.000000 0.974629
22585.000000 0.974494
22580.000000 0.974573
22575.000000 0.974407
22570.000000 0.974853
22565.000000 0.974624
22560.000000 0.974519
22555.000000 0.974804
22550.000000 0.975026
22545.000000 0.974414
22540.000000 0.974587
22535.000000 0.974347
22530.000000 0.974435
22525.000000 0.974155
22520.000000 0.973952
22515.000000 0.973797
22510.000000 0.973831
22505.000000 0.973161
22500.000000 0.973226
22495.000000 0.973156
22490.000000 0.972815
22485.000000 0.972585
22480.000000 0.971815
22475.000000 0.971690
22470.000000 0.971501
22465.000000 0.970893
22460.000000 0.970563
22455.000000 0.969951
22450.000000 0.970199
22445.000000 0.968926
22440.000000 0.969769
22435.000000 0.968744
22430.000000 0.968346
22425.000000 0.967825
22420.000000 0.966815
22415.000000 0.967461
22410.000000 0.965892
22405.000000 0.965796
22400.000000 0.965556
22395.000000 0.964590
22390.000000 0.964554
22385.000000 0.963985
22380.000000 0.962934
22375.000000 0.962720
22370.000000 0.962346
22365.000000 0.961965
22360.000000 0.961366
22355.000000 0.960966
22350.000000 0.960388
22345.000000 0.959657
22340.000000 0.959193
22335.000000 0.959110
22330.000000 0.958529
22325.000000 0.958102
22320.000000 0.957258
22315.000000 0.957146
22310.000000 0.956908
22305.000000 0.956097
22300.000000 0.955798
22295.000000 0.955234
22290.000000 0.955491
22285.000000 0.954951
22280.000000 0.954361
22275.000000 0.953918
22270.000000 0.953626
22265.000000 0.953223
22260.000000 0.952773
22255.000000 0.952979
22250.000000 0.952735
22245.000000 0.952291
22240.000000 0.951666
22235.000000 0.951582
22230.000000 0.951598
22225.000000 0.951269
22220.000000 0.951236
22215.000000 0.951110
22210.000000 0.950422
22205.000000 0.950699
22200.000000 0.950172
22195.000000 0.949790
22190.000000 0.949697
22185.000000 0.949053
22180.000000 0.949221
22175.000000 0.949180
22170.000000 0.948838
22165.000000 0.948722
22160.000000 0.948572
22155.000000 0.948262
22150.000000 0.947679
22145.000000 0.947878
22140.000000 0.947426
22135.000000 0.947234
22130.000000 0.946780
22125.000000 0.946308
22120.000000 0.946334
22115.000000 0.946091
22110.000000 0.945620
22105.000000 0.945068
22100.000000 0.945081
22095.000000 0.944540
22090.000000 0.944086
22085.000000 0.943473
22080.000000 0.943072
22075.000000 0.942688
22070.000000 0.942211
22065.000000 0.941717
22060.000000 0.941206
22055.000000 0.940627
22050.000000 0.939998
22045.000000 0.939436
22040.000000 0.938664
22035.000000 0.938160
22030.000000 0.937404
22025.000000 0.936792
22020.000000 0.935881
22015.000000 0.935125
22010.000000 0.934863
22005.000000 0.934035
22000.000000 0.932892
21995.000000 0.931979
21990.000000 0.930946
21985.000000 0.930268
21980.000000 0.929750
21975.000000 0.928793
21970.000000 0.927318
21965.000000 0.926826
21960.000000 0.926073
21955.000000 0.925133
21950.000000 0.924191
21945.000000 0.923768
21940.000000 0.922478
21935.000000 0.922020
21930.000000 0.920692
21925.000000 0.919581
21920.000000 0.918575
21915.000000 0.918120
21910.000000 0.917213
21905.000000 0.915923
21900.000000 0.915562
21895.000000 0.914814
21890.000000 0.914030
21885.000000 0.912954
21880.000000 0.912489
21875.000000 0.911348
21870.000000 0.910720
21865.000000 0.910227
21860.000000 0.909486
21855.000000 0.908719
21850.000000 0.908559
21845.000000 0.907690
21840.000000 0.907098
21835.000000 0.906713
21830.000000 0.906173
21825.000000 0.906139
21820.000000 0.905947
21815.000000 0.905709
21810.000000 0.904873
21805.000000 0.904443
21800.000000 0.904513
21795.000000 0.904121
21790.000000 0.903871
21785.000000 0.903954
21780.000000 0.903944
21775.000000 0.904035
21770.000000 0.903969
21765.000000 0.904031
21760.000000 0.904113
21755.000000 0.904481
21750.000000 0.904544
21745.000000 0.905059
21740.000000 0.905056
21735.000000 0.905350
21730.000000 0.905992
21725.000000 0.906389
21720.000000 0.906612
21715.000000 0.907279
21710.000000 0.907802
21705.000000 0.908322
21700.000000 0.909088
21695.000000 0.909593
21690.000000 0.910011
21685.000000 0.910615
21680.000000 0.911202
21675.000000 0.912422
21670.000000 0.912983
21665.000000 0.913678
21660.000000 0.914193
21655.000000 0.915163
21650.000000 0.916096
21645.000000 0.916849
21640.000000 0.917787
21635.000000 0.918245
21630.000000 0.919324
21625.000000 0.920318
21620.000000 0.921313
21615.000000 0.922706
21610.000000 0.923017
21605.000000 0.923491
21600.000000 0.924328
21595.000000 0.925461
21590.000000 0.926179
21585.000000 0.927375
21580.000000 0.927895
21575.000000 0.928831
21570.000000 0.929660
21565.000000 0.930575
21560.000000 0.931317
21555.000000 0.932338
21550.000000 0.932866
21545.000000 0.933834
21540.000000 0.934667
21535.000000 0.935595
21530.000000 0.935978
21525.000000 0.937143
21520.000000 0.937586
21515.000000 0.938481
21510.000000 0.939257
21505.000000 0.939856
21500.000000 0.940292
21495.000000 0.940931
21490.000000 0.941914
21485.000000 0.942600
21480.000000 0.943378
21475.000000 0.943755
21470.000000 0.944336
21465.000000 0.945308
21460.000000 0.946172
21455.000000 0.946268
21450.000000 0.947106
21445.000000 0.947501
21440.000000 0.947590
21435.000000 0.948740
21430.000000 0.949543
21425.000000 0.950363
21420.000000 0.950728
21415.000000 0.950931
21410.000000 0.951725
21405.000000 0.952151
21400.000000 0.952886
21395.000000 0.953532
21390.000000 0.953841
21385.000000 0.954361
21380.000000 0.954990
21375.000000 0.955502
21370.000000 0.956197
21365.000000 0.956719
21360.000000 0.957397
21355.000000 0.957895
21350.000000 0.958561
21345.000000 0.958885
21340.000000 0.959540
21335.000000 0.960266
21330.000000 0.960992
21325.000000 0.960723
21320.000000 0.961716
21315.000000 0.962159
21310.000000 0.962729
21305.000000 0.963035
21300.000000 0.963380
21295.000000 0.964233
21290.000000 0.964466
21285.000000 0.964836
21280.000000 0.965271
21275.000000 0.965432
21270.000000 0.966047
21265.000000 0.966506
21260.000000 0.967098
21255.000000 0.967360
21250.000000 0.967355
21245.000000 0.967755
21240.000000 0.968165
21235.000000 0.968387
21230.000000 0.968266
21225.000000 0.968674
21220.000000 0.968786
21215.000000 0.969130
21210.000000 0.968926
21205.000000 0.968909
21200.000000 0.969371
21195.000000 0.969648
21190.000000 0.969352
21185.000000 0.969360
21180.000000 0.969358
21175.000000 0.969312
21170.000000 0.969414
21165.000000 0.969287
21160.000000 0.969174
21155.000000 0.968548
21150.000000 0.968748
21145.000000 0.968963
21140.000000 0.968459
21135.000000 0.968237
21130.000000 0.968481
21125.000000 0.967955
21120.000000 0.967644
21115.000000 0.967088
21110.000000 0.967086
21105.000000 0.966608
21100.000000 0.966316
21095.000000 0.966244
21090.000000 0.966314
21085.000000 0.965808
21080.000000 0.965540
21075.000000 0.965179
21070.000000 0.964571
21065.000000 0.964508
21060.000000 0.964544
21055.000000 0.963862
21050.000000 0.963471
21045.000000 0.963162
21040.000000 0.963066
21035.000000 0.962993
21030.000000 0.962945
21025.000000 0.962123
21020.000000 0.961873
21015.000000 0.961766
21010.000000 0.961473
21005.000000 0.961313
21000.000000 0.961255
20995.000000 0.960695
20990.000000 0.961038
20985.000000 0.960413
20980.000000 0.960465
20975.000000 0.960344
20970.000000 0.960149
20965.000000 0.960070
20960.000000 0.959874
20955.000000 0.959559
20950.000000 0.959709
20945.000000 0.959499
20940.000000 0.959276
20935.000000 0.959347
20930.000000 0.959113
20925.000000 0.958971
20920.000000 0.958965
20915.000000 0.958884
20910.000000 0.958383
20905.000000 0.958624
20900.000000 0.958287
20895.000000 0.957894
20890.000000 0.957649
20885.000000 0.957687
20880.000000 0.957746
20875.000000 0.957712
20870.000000 0.956855
20865.000000 0.956581
20860.000000 0.956382
20855.000000 0.956453
20850.000000 0.955938
20845.000000 0.955504
20840.000000 0.954740
20835.000000 0.954627
20830.000000 0.954450
20825.000000 0.954000
20820.000000 0.953334
20815.000000 0.952905
20810.000000 0.952336
20805.000000 0.951698
20800.000000 0.951561
20795.000000 0.950888
20790.000000 0.950131
20785.000000 0.949539
20780.000000 0.948622
20775.000000 0.948255
20770.000000 0.947807
20765.000000 0.946717
20760.000000 0.945698
20755.000000 0.945376
20750.000000 0.944856
20745.000000 0.943838
20740.000000 0.943235
20735.000000 0.942374
20730.000000 0.941394
20725.000000 0.940840
20720.000000 0.940144
20715.000000 0.939104
20710.000000 0.938465
20705.000000 0.937760
20700.000000 0.937021
20695.000000 0.936431
20690.000000 0.935751
20685.000000 0.934895
20680.000000 0.934154
20675.000000 0.933198
20670.000000 0.932493
20665.000000 0.932158
20660.000000 0.931282
20655.000000 0.930723
20650.000000 0.930209
20645.000000 0.929626
20640.000000 0.928844
20635.000000 0.928577
20630.000000 0.928024
20625.000000 0.927310
20620.000000 0.927038
20615.000000 0.926713
20610.000000 0.926222
20605.000000 0.925637
20600.000000 0.925377
20595.000000 0.925162
20590.000000 0.924884
20585.000000 0.924671
20580.000000 0.924179
20575.000000 0.923894
20570.000000 0.923963
20565.000000 0.923698
20560.000000 0.923513
20555.000000 0.923275
20550.000000 0.923184
20545.000000 0.923305
20540.000000 0.923028
20535.000000 0.923151
20530.000000 0.923099
20525.000000 0.923066
20520.000000 0.922620
20515.000000 0.922847
20510.000000 0.922617
20505.000000 0.922431
20500.000000 0.922327
20495.000000 0.922319
20490.000000 0.922594
20485.000000 0.922564
20480.000000 0.922545
20475.000000 0.922293
20470.000000 0.922326
20465.000000 0.922227
20460.000000 0.922237
20455.000000 0.921770
20450.000000 0.922189
20445.000000 0.921938
20440.000000 0.921979
20435.000000 0.921623
20430.000000 0.921425
20425.000000 0.921419
20420.000000 0.921246
20415.000000 0.921321
20410.000000 0.921142
20405.000000 0.920894
20400.000000 0.920796
20395.000000 0.920670
20390.000000 0.920329
20385.000000 0.920472
20380.000000 0.920139
20375.000000 0.919700
20370.000000 0.919502
20365.000000 0.919503
20360.000000 0.919586
20355.000000 0.919104
20350.000000 0.918828
20345.000000 0.918326
20340.000000 0.917861
20335.000000 0.918264
20330.000000 0.918314
20325.000000 0.917321
20320.000000 0.917123
20315.000000 0.917084
20310.000000 0.916983
20305.000000 0.917247
20300.000000 0.916971
20295.000000 0.916754
20290.000000 0.916325
20285.000000 0.916333
20280.000000 0.916287
20275.000000 0.915949
20270.000000 0.915987
20265.000000 0.915672
20260.000000 0.915709
20255.000000 0.915491
20250.000000 0.915503
20245.000000 0.915454
20240.000000 0.915375
20235.000000 0.915059
20230.000000 0.914768
20225.000000 0.915040
20220.000000 0.914771
20215.000000 0.914796
20210.000000 0.914477
20205.000000 0.914255
20200.000000 0.914225
20195.000000 0.914072
20190.000000 0.913819
20185.000000 0.913827
20180.000000 0.913439
20175.000000 0.913350
20170.000000 0.912953
20165.000000 0.912789
20160.000000 0.912546
20155.000000 0.912448
20150.000000 0.912063
20145.000000 0.911777
20140.000000 0.911492
20135.000000 0.910835
20130.000000 0.910803
20125.000000 0.910255
20120.000000 0.910171
20115.000000 0.909564
20110.000000 0.909168
20105.000000 0.908660
20100.000000 0.908073
20095.000000 0.907853
20090.000000 0.907405
20085.000000 0.906884
20080.000000 0.906268
20075.000000 0.905953
20070.000000 0.905359
20065.000000 0.904933
20060.000000 0.904506
20055.000000 0.903814
20050.000000 0.903558
20045.000000 0.902948
20040.000000 0.902639
20035.000000 0.902206
20030.000000 0.901864
20025.000000 0.901618
20020.000000 0.901486
20015.000000 0.901046
20010.000000 0.900938
20005.000000 0.900653
20000.000000 0.900743
19995.000000 0.900567
19990.000000 0.900253
19985.000000 0.900524
19980.000000 0.900310
19975.000000 0.900421
19970.000000 0.900657
19965.000000 0.900683
19960.000000 0.900978
19955.000000 0.901076
19950.000000 0.901340
19945.000000 0.901774
19940.000000 0.902028
19935.000000 0.902600
19930.000000 0.902949
19925.000000 0.903422
19920.000000 0.903807
19915.000000 0.904226
19910.000000 0.905081
19905.000000 0.905675
19900.000000 0.906101
19895.000000 0.906589
19890.000000 0.907554
19885.000000 0.908157
19880.000000 0.908987
19875.000000 0.909769
19870.000000 0.910034
19865.000000 0.910879
19860.000000 0.911516
19855.000000 0.912388
19850.000000 0.912953
19845.000000 0.913254
19840.000000 0.913773
19835.000000 0.914462
19830.000000 0.915091
19825.000000 0.915636
19820.000000 0.915920
19815.000000 0.915982
19810.000000 0.916482
19805.000000 0.917111
19800.000000 0.917121
19795.000000 0.917350
19790.000000 0.917804
19785.000000 0.918031
19780.000000 0.917918
19775.000000 0.918022
19770.000000 0.917955
19765.000000 0.918058
19760.000000 0.917755
19755.000000 0.917866
19750.000000 0.917727
19745.000000 0.917397
19740.000000 0.917151
19735.000000 0.917336
19730.000000 0.917285
19725.000000 0.917279
19720.000000 0.916242
19715.000000 0.915778
19710.000000 0.915935
19705.000000 0.915910
19700.000000 0.915654
19695.000000 0.915097
19690.000000 0.914703
19685.000000 0.914731
19680.000000 0.914467
19675.000000 0.914927
19670.000000 0.914033
19665.000000 0.913937
19660.000000 0.913271
19655.000000 0.913406
19650.000000 0.913502
19645.000000 0.913329
19640.000000 0.913201
19635.000000 0.913094
19630.000000 0.913105
19625.000000 0.912958
19620.000000 0.912956
19615.000000 0.912666
19610.000000 0.912244
19605.000000 0.912331
19600.000000 0.912165
19595.000000 0.912027
19590.000000 0.911822
19585.000000 0.911913
19580.000000 0.911301
19575.000000 0.911353
19570.000000 0.910627
19565.000000 0.909963
19560.000000 0.909913
19555.000000 0.909082
19550.000000 0.908479
19545.000000 0.907958
19540.000000 0.907057
19535.000000 0.906177
19530.000000 0.905268
19525.000000 0.904725
19520.000000 0.903570
19515.000000 0.902493
19510.000000 0.901450
19505.000000 0.900532
19500.000000 0.899648
19495.000000 0.898307
19490.000000 0.896895
19485.000000 0.895849
19480.000000 0.894817
19475.000000 0.893940
19470.000000 0.892350
19465.000000 0.891456
19460.000000 0.890389
19455.000000 0.889648
19450.000000 0.888635
19445.000000 0.887822
19440.000000 0.887090
19435.000000 0.886145
19430.000000 0.885687
19425.000000 0.884962
19420.000000 0.884813
19415.000000 0.884978
19410.000000 0.884266
19405.000000 0.883655
19400.000000 0.883500
19395.000000 0.883343
19390.000000 0.883235
19385.000000 0.882961
19380.000000 0.882845
19375.000000 0.881737
19370.000000 0.881159
19365.000000 0.880907
19360.000000 0.879459
19355.000000 0.878042
19350.000000 0.875691
19345.000000 0.873118
19340.000000 0.869862
19335.000000 0.866494
19330.000000 0.862355
19325.000000 0.856807
19320.000000 0.850371
19315.000000 0.842889
19310.000000 0.835760
19305.000000 0.826406
19300.000000 0.816929
19295.000000 0.806018
19290.000000 0.793054
19285.000000 0.779460
19280.000000 0.764184
19275.000000 0.750078
19270.000000 0.733731
19265.000000 0.716713
19260.000000 0.697209
19255.000000 0.675969
19250.000000 0.656290
19245.000000 0.635175
19240.000000 0.615973
19235.000000 0.594700
19230.000000 0.572664
19225.000000 0.550526
19220.000000 0.526127
19215.000000 0.505316
19210.000000 0.487036
19205.000000 0.467505
19200.000000 0.448280
19195.000000 0.430429
19190.000000 0.410156
19185.000000 0.391097
19180.000000 0.375408
19175.000000 0.357474
19170.000000 0.339908
19165.000000 0.321377
19160.000000 0.304914
19155.000000 0.289182
19150.000000 0.274820
19145.000000 0.262715
19140.000000 0.249820
19135.000000 0.238347
19130.000000 0.227468
19125.000000 0.217540
19120.000000 0.209280
19115.000000 0.200866
19110.000000 0.192232
19105.000000 0.183535
19100.000000 0.174794
19095.000000 0.165679
19090.000000 0.157039
19085.000000 0.150535
19080.000000 0.143170
19075.000000 0.136615
19070.000000 0.130208
19065.000000 0.123985
19060.000000 0.118968
19055.000000 0.114572
19050.000000 0.110444
19045.000000 0.106106
19040.000000 0.101520
19035.000000 0.096837
19030.000000 0.092384
19025.000000 0.088509
19020.000000 0.084513
19015.000000 0.080262
19010.000000 0.075993
19005.000000 0.071701
19000.000000 0.068157
18995.000000 0.064875
18990.000000 0.061746
18985.000000 0.058887
18980.000000 0.056040
18975.000000 0.053182
18970.000000 0.050537
18965.000000 0.047756
18960.000000 0.045189
18955.000000 0.042641
18950.000000 0.039998
18945.000000 0.037404
18940.000000 0.035296
18935.000000 0.032784
18930.000000 0.031131
18925.000000 0.029431
18920.000000 0.027789
18915.000000 0.026267
18910.000000 0.024817
18905.000000 0.023421
18900.000000 0.022065
18895.000000 0.020929
18890.000000 0.019692
18885.000000 0.018457
18880.000000 0.017326
18875.000000 0.016032
18870.000000 0.014951
18865.000000 0.013973
18860.000000 0.013222
18855.000000 0.012326
18850.000000 0.011574
18845.000000 0.010892
18840.000000 0.010234
18835.000000 0.009539
18830.000000 0.009139
18825.000000 0.008581
18820.000000 0.008052
18815.000000 0.007618
18810.000000 0.007186
18805.000000 0.006669
18800.000000 0.006443
18795.000000 0.006193
18790.000000 0.005529
18785.000000 0.005316
18780.000000 0.004916
18775.000000 0.004590
18770.000000 0.004491
18765.000000 0.004294
18760.000000 0.004065
18755.000000 0.003746
18750.000000 0.003575
18745.000000 0.003513
18740.000000 0.003350
18735.000000 0.003141
18730.000000 0.003080
18725.000000 0.002852
18720.000000 0.002774
18715.000000 0.002567
18710.000000 0.002351
18705.000000 0.002372
18700.000000 0.002369
18695.000000 0.002132
18690.000000 0.002108
18685.000000 0.002035
18680.000000 0.001810
18675.000000 0.001684
18670.000000 0.001677
18665.000000 0.001697
18660.000000 0.001474
18655.000000 0.001494
18650.000000 0.001354
18645.000000 0.001478
18640.000000 0.001223
18635.000000 0.001244
18630.000000 0.001276
18625.000000 0.001108
18620.000000 0.001029
18615.000000 0.001076
18610.000000 0.000976
18605.000000 0.000985
18600.000000 0.000882
18595.000000 0.000940
18590.000000 0.000904
18585.000000 0.000826
18580.000000 0.000910
18575.000000 0.000786
18570.000000 0.000699
18565.000000 0.000766
18560.000000 0.000693
18555.000000 0.000708
18550.000000 0.000751
18545.000000 0.000664
18540.000000 0.000488
18535.000000 0.000617
18530.000000 0.000593
18525.000000 0.000620
18520.000000 0.000547
18515.000000 0.000524
18510.000000 0.000555
18505.000000 0.000502
18500.000000 0.000547
18495.000000 0.000320
18490.000000 0.000473
18485.000000 0.000482
18480.000000 0.000459
18475.000000 0.000428
18470.000000 0.000395
18465.000000 0.000455
18460.000000 0.000094
